0.915057915057915
0.8939759036144579
0.9223985890652557
0.948051948051948
0.8646153846153847
0.9223985890652557
0.9035087719298245
0.9381153305203938
0.8274509803921568
1.0
1.0
0.7380952380952381
0.948051948051948
0.9223985890652557
0.948051948051948
0.8274509803921568
1.0
0.8211382113821137
0.8624999999999999
1.0
0.8939759036144579
1.0
0.48837209302325585
1.0
1.0
1.0
0.948051948051948
0.8871794871794871
0.9548717948717949
0.8274509803921568
1.0
0.7380952380952381
0.8871794871794872
0.9223985890652557
1.0
1.0
0.9381153305203938
1.0
1.0
1.0
0.9548717948717949
1.0
1.0
1.0
1.0
1.0
1.0
1.0
0.948051948051948
1.0
0.8274509803921568
0.9223985890652557
1.0
0.9381153305203938
0.948051948051948
0.9035087719298245
0.9035087719298246
1.0
0.9381153305203938
0.9548717948717949
0.8274509803921568
1.0
0.8211382113821137
1.0
0.9548717948717949
1.0
0.9548717948717949
0.8274509803921568
0.8274509803921568
0.948051948051948
0.9223985890652557
0.8441558441558441
0.948051948051948
1.0
0.9223985890652557
0.8274509803921568
1.0
0.8624999999999999
0.9223985890652557
1.0
0.9223985890652557
0.4942528735632184
0.8624999999999999
0.7380952380952381
1.0
1.0
0.9381153305203938
1.0
0.9381153305203938
1.0
0.8143459915611815
1.0
1.0
0.8274509803921568
0.8441558441558441
0.9223985890652557
1.0
0.8794520547945206
1.0
1.0
1.0
0.9223985890652557
0.8871794871794871
1.0
1.0
1.0
1.0
1.0
1.0
1.0
1.0
1.0
1.0
0.8871794871794871
1.0
1.0
1.0
0.8939759036144579
1.0
1.0
1.0
0.948051948051948
1.0
1.0
0.948051948051948
1.0
0.9223985890652557
1.0
1.0
1.0
0.9548717948717949
0.9381153305203938
1.0
1.0
0.9548717948717949
1.0
1.0
1.0
1.0
0.9381153305203938
1.0
1.0
0.9223985890652557
0.7380952380952381
0.48837209302325585
0.9381153305203938
1.0
0.9035087719298245
1.0
1.0
