0.8070175438596491
0.7380952380952381
0.9223985890652557
0.8143459915611814
0.8070175438596492
0.9223985890652557
0.9548717948717949
0.9381153305203938
0.8274509803921568
1.0
1.0
0.7380952380952381
0.8143459915611815
0.9223985890652557
0.948051948051948
0.8274509803921568
1.0
0.8211382113821137
0.8624999999999999
0.8274509803921568
0.8939759036144579
1.0
1.0
0.8274509803921568
1.0
0.948051948051948
0.948051948051948
0.7250000000000001
0.9548717948717949
0.8274509803921568
0.9223985890652557
0.7380952380952381
0.7743589743589743
0.9223985890652557
0.9381153305203938
1.0
1.0
0.8625
1.0
1.0
1.0
0.8274509803921568
1.0
1.0
0.9381153305203938
0.48837209302325585
1.0
0.8939759036144579
0.948051948051948
1.0
0.8274509803921568
0.9223985890652557
0.8939759036144579
0.8624999999999999
0.8871794871794872
0.9548717948717949
0.9035087719298246
1.0
0.9381153305203938
0.9548717948717949
0.48837209302325585
0.7671957671957672
1.0
0.8939759036144579
0.8441558441558441
1.0
0.9035087719298245
0.8274509803921568
0.8274509803921568
0.948051948051948
0.9223985890652557
0.9035087719298245
0.948051948051948
1.0
0.9223985890652557
0.8274509803921568
0.8939759036144579
0.8624999999999999
0.9223985890652557
1.0
0.9223985890652557
1.0
0.8624999999999999
0.7380952380952381
0.9035087719298245
1.0
0.9381153305203938
1.0
0.8143459915611814
1.0
0.7250000000000001
0.8624999999999999
0.8939759036144579
0.8274509803921568
0.9035087719298245
0.9223985890652557
0.8939759036144579
0.8794520547945206
1.0
0.8624999999999999
1.0
0.9223985890652557
0.8871794871794871
1.0
1.0
0.9223985890652557
0.9381153305203938
1.0
1.0
0.948051948051948
1.0
1.0
1.0
0.8143459915611815
1.0
0.4942528735632184
1.0
0.7380952380952381
1.0
1.0
0.9381153305203938
0.8871794871794871
0.948051948051948
0.7380952380952381
0.8871794871794871
1.0
1.0
0.8939759036144579
1.0
0.8939759036144579
0.9548717948717949
0.9381153305203938
1.0
1.0
0.9548717948717949
1.0
0.8871794871794871
1.0
1.0
0.8625
0.9598173515981736
0.9223985890652557
0.8211382113821137
0.7380952380952381
0.48837209302325585
0.9381153305203938
1.0
0.9548717948717949
1.0
0.8274509803921568
