0.915057915057915
0.8939759036144579
0.8625
0.948051948051948
0.915057915057915
1.0
0.9548717948717949
1.0
1.0
1.0
1.0
0.8939759036144579
1.0
0.9223985890652557
0.948051948051948
1.0
1.0
0.9223985890652557
1.0
1.0
1.0
1.0
0.8274509803921568
1.0
1.0
0.9548717948717949
0.948051948051948
0.948051948051948
0.9548717948717949
0.8274509803921568
1.0
0.8939759036144579
0.8871794871794872
0.9223985890652557
1.0
1.0
1.0
1.0
1.0
1.0
0.9548717948717949
1.0
1.0
0.9223985890652557
1.0
1.0
1.0
1.0
1.0
1.0
0.8274509803921568
1.0
1.0
1.0
0.948051948051948
0.9035087719298245
0.9548717948717949
1.0
0.9381153305203938
1.0
1.0
1.0
0.9223985890652557
1.0
1.0
1.0
0.9548717948717949
1.0
1.0
0.9035087719298246
0.9223985890652557
0.9548717948717949
0.948051948051948
1.0
0.9223985890652557
0.8274509803921568
1.0
0.9381153305203938
1.0
1.0
0.9223985890652557
1.0
0.9381153305203938
1.0
1.0
0.8625
0.9381153305203938
1.0
0.9381153305203938
1.0
0.948051948051948
1.0
1.0
0.48837209302325585
0.9548717948717949
1.0
1.0
0.9236111111111112
1.0
1.0
1.0
1.0
0.8143459915611815
0.9598173515981736
1.0
1.0
0.9381153305203938
1.0
0.948051948051948
1.0
1.0
1.0
1.0
0.948051948051948
1.0
1.0
1.0
0.8211382113821137
1.0
1.0
1.0
1.0
1.0
1.0
0.948051948051948
1.0
1.0
0.9223985890652557
1.0
1.0
0.9548717948717949
0.9381153305203938
1.0
1.0
0.9548717948717949
1.0
1.0
1.0
1.0
0.9381153305203938
0.9598173515981736
1.0
1.0
1.0
0.8274509803921568
0.9381153305203938
1.0
1.0
1.0
1.0
