0.6875
0.7333333333333333
0.7333333333333333
0.6865203761755485
0.6428571428571429
0.6415770609318996
0.6865203761755485
0.7849462365591398
0.6703296703296704
0.4736842105263158
0.6571428571428571
0.6875
0.4666666666666667
0.7849462365591398
0.53125
0.6875
0.9466666666666668
0.7333333333333333
0.8119122257053291
0.9134199134199135
0.7333333333333333
0.607843137254902
0.7849462365591398
0.7402597402597403
0.6875
0.6865203761755486
0.7333333333333334
0.7849462365591398
0.8666666666666667
0.6428571428571429
0.7333333333333333
0.4982078853046595
0.561128526645768
0.6415770609318996
0.4117647058823529
0.7849462365591398
0.6865203761755485
0.7849462365591398
0.5238095238095238
0.6428571428571429
0.5604395604395604
0.6415770609318996
0.9283154121863799
0.7849462365591398
0.715099715099715
0.6000000000000001
0.6000000000000001
0.42857142857142855
0.8666666666666667
0.7402597402597403
0.8666666666666667
0.7222222222222222
0.6000000000000001
0.6266666666666667
0.6415770609318996
0.7402597402597403
0.7222222222222222
0.4982078853046595
0.9134199134199135
0.45945945945945943
0.6415770609318996
0.84375
0.6428571428571429
0.7402597402597403
0.6428571428571428
0.8400000000000001
0.8290598290598291
0.7619047619047619
0.7222222222222222
0.53125
0.4444444444444445
0.8465473145780051
0.7849462365591398
0.7619047619047619
0.6415770609318996
0.7849462365591398
0.7619047619047619
0.6875
0.6000000000000001
0.5670995670995671
0.6875
0.53125
0.4666666666666667
0.84375
0.7333333333333334
0.7402597402597403
0.7802197802197801
0.7619047619047619
0.8290598290598291
0.4666666666666667
0.6415770609318996
0.7619047619047619
0.803921568627451
0.8809523809523809
0.5670995670995671
0.5238095238095238
0.42857142857142855
0.8290598290598291
0.6875
0.7619047619047619
0.5238095238095238
0.6875
0.7333333333333333
0.6865203761755486
0.5611285266457681
0.8119122257053292
0.6415770609318996
0.607843137254902
0.6875
0.4982078853046595
0.8290598290598291
0.8857142857142857
0.4666666666666667
0.7849462365591398
0.6875
0.607843137254902
0.7402597402597403
0.4444444444444445
0.4666666666666667
0.4373401534526855
0.8119122257053292
0.8119122257053292
0.6875
0.40476190476190477
0.7402597402597403
0.8119122257053292
0.6865203761755485
0.5670995670995671
0.7333333333333333
0.6571428571428571
0.7402597402597403
0.7849462365591398
0.5670995670995671
0.7402597402597403
0.607843137254902
0.5670995670995671
0.7402597402597403
0.5670995670995671
0.7222222222222222
0.7849462365591398
0.6415770609318996
0.8809523809523809
0.7333333333333333
0.7222222222222222
0.6428571428571428
0.8809523809523809
0.7619047619047619
0.7619047619047619
0.5670995670995671
1.0
