0.8119122257053291
0.8119122257053292
0.8119122257053292
0.6865203761755485
0.6428571428571429
0.53125
0.6415770609318996
0.9283154121863799
0.5238095238095238
0.4736842105263158
0.6078431372549019
0.5670995670995671
0.7802197802197802
0.9283154121863799
0.53125
0.5670995670995671
0.8901098901098901
0.6415770609318996
0.7849462365591398
0.803921568627451
0.6875
0.607843137254902
0.5670995670995671
0.6875
0.84375
0.5670995670995671
0.7333333333333334
0.7333333333333333
0.7402597402597403
0.715099715099715
0.8809523809523809
0.7333333333333333
0.7619047619047619
0.6875
0.7849462365591398
0.8666666666666667
0.8901098901098901
0.7402597402597403
0.6703296703296704
0.43573667711598746
0.6266666666666667
0.8119122257053292
0.6875
0.53125
0.6011396011396011
0.7150997150997151
0.7333333333333333
0.42857142857142855
0.6875
0.6571428571428571
0.7333333333333333
0.8857142857142857
0.5238095238095238
0.6266666666666667
0.53125
0.9283154121863799
0.4444444444444444
0.6865203761755485
0.803921568627451
0.8857142857142857
0.6428571428571428
0.84375
0.8400000000000001
0.607843137254902
0.7333333333333333
0.8400000000000001
0.6428571428571428
0.6865203761755485
0.803921568627451
0.5670995670995671
0.6571428571428571
0.6011396011396011
0.6875
0.7802197802197802
0.8809523809523809
0.8666666666666667
0.6428571428571428
0.7402597402597403
0.7619047619047619
0.7849462365591398
0.607843137254902
0.6875
0.6428571428571429
0.9283154121863799
0.4357366771159875
0.6875
0.7802197802197801
0.6428571428571428
0.6428571428571428
0.6703296703296703
0.8119122257053292
0.6703296703296704
0.803921568627451
0.7619047619047619
0.7849462365591398
0.6703296703296704
0.8666666666666667
0.6865203761755485
0.8119122257053291
0.6000000000000001
0.6428571428571429
0.7849462365591398
0.5670995670995671
0.7333333333333333
0.6011396011396011
0.7333333333333333
0.6415770609318996
0.7402597402597403
0.7402597402597403
0.4982078853046595
0.7619047619047619
0.7222222222222222
0.6428571428571429
0.8119122257053291
0.8119122257053291
0.607843137254902
0.7402597402597403
0.4285714285714286
0.6428571428571429
0.41333333333333333
0.7333333333333333
0.9430199430199431
0.7849462365591398
0.7916666666666665
0.607843137254902
0.53125
0.4982078853046595
0.84375
0.7849462365591398
0.4444444444444445
0.803921568627451
0.7849462365591398
0.7333333333333333
0.6875
0.7849462365591398
0.6078431372549019
0.7402597402597403
0.6415770609318996
0.7222222222222222
0.6875
0.6415770609318996
0.829059829059829
0.7333333333333333
0.8198198198198199
0.561128526645768
0.7333333333333333
0.7916666666666667
0.561128526645768
0.7402597402597403
0.7849462365591398
