0.6865203761755486
0.8809523809523809
0.9430199430199431
0.7442455242966751
0.7802197802197801
0.8119122257053292
0.7619047619047619
0.8809523809523809
0.7916666666666665
0.4444444444444444
0.8119122257053292
0.7333333333333333
0.8958333333333333
0.8809523809523809
0.7619047619047619
0.5238095238095238
0.9466666666666668
0.6865203761755485
0.8809523809523809
0.84375
0.829059829059829
0.8119122257053291
0.8119122257053291
0.7333333333333334
0.6865203761755486
0.6865203761755486
0.6969696969696968
0.715099715099715
0.7333333333333334
0.8958333333333334
0.7619047619047619
0.7619047619047619
0.6875
0.6011396011396012
0.8666666666666667
0.8809523809523809
0.8901098901098901
0.8119122257053291
0.7333333333333334
0.7802197802197801
0.849624060150376
0.715099715099715
0.8809523809523809
0.6428571428571428
0.849624060150376
0.8399999999999999
0.7619047619047619
0.53125
0.8119122257053291
0.84375
0.7333333333333333
0.7402597402597403
0.7333333333333334
0.849624060150376
0.8119122257053291
0.7849462365591398
0.6571428571428571
0.8399999999999999
0.9283154121863799
0.6875
0.7333333333333334
0.9283154121863799
0.7802197802197801
0.8666666666666667
0.8399999999999999
0.8465473145780051
0.8399999999999999
0.7333333333333334
0.7402597402597403
0.6011396011396012
0.7402597402597403
0.898989898989899
0.8666666666666667
0.8399999999999999
0.7333333333333334
0.829059829059829
0.7916666666666667
0.7333333333333334
0.8290598290598291
0.6865203761755486
0.8666666666666667
0.7619047619047619
0.7916666666666666
0.7619047619047619
0.7333333333333334
0.6415770609318997
0.696969696969697
0.8399999999999999
0.7916666666666667
0.5833333333333334
0.7802197802197802
0.7916666666666667
0.8666666666666667
0.8901098901098901
0.8666666666666667
0.7916666666666667
0.9283154121863799
0.8901098901098901
0.6703296703296704
0.7802197802197802
0.7442455242966752
0.8666666666666667
0.8119122257053291
0.7802197802197802
0.6703296703296703
0.8901098901098901
0.6
0.9283154121863799
0.9283154121863799
0.8901098901098901
0.898989898989899
0.803921568627451
0.8465473145780051
0.7802197802197802
0.9430199430199431
0.6865203761755486
0.7849462365591398
0.5670995670995671
0.5833333333333334
0.6
0.8809523809523809
0.9430199430199431
0.715099715099715
0.7442455242966751
0.9283154121863799
0.8119122257053292
0.6011396011396012
0.8666666666666667
0.7802197802197802
0.7402597402597403
0.84375
0.8119122257053291
0.715099715099715
0.6415770609318997
0.7849462365591398
0.6428571428571428
0.8666666666666667
0.7619047619047619
0.8857142857142857
0.6865203761755486
0.561128526645768
0.9466666666666668
0.829059829059829
0.6571428571428571
0.7333333333333334
0.8901098901098901
0.8465473145780051
0.8399999999999999
0.9283154121863799
1.0
