0.7802197802197802
0.829059829059829
0.8901098901098901
0.7619047619047619
0.715099715099715
0.8119122257053292
0.6865203761755485
0.8809523809523809
0.849624060150376
0.7222222222222222
0.9134199134199135
0.5238095238095238
0.7619047619047619
0.9373040752351097
0.561128526645768
0.6875
0.9466666666666668
0.8119122257053292
0.9373040752351097
0.6875
0.8809523809523809
0.8809523809523809
0.7849462365591398
0.9373040752351097
0.6875
0.8119122257053291
0.7442455242966751
0.8666666666666667
0.9373040752351097
0.7333333333333334
0.7619047619047619
0.7619047619047619
0.7150997150997151
0.6415770609318996
0.8119122257053291
0.8809523809523809
0.8901098901098901
0.8666666666666667
0.5833333333333333
0.8400000000000001
0.595959595959596
0.829059829059829
0.8290598290598291
0.39393939393939387
0.6266666666666667
0.561128526645768
0.8809523809523809
0.53125
0.6415770609318996
0.84375
0.715099715099715
0.6875
0.6011396011396012
0.6969696969696968
0.4982078853046595
0.84375
0.45945945945945943
0.8901098901098901
1.0
0.8857142857142857
0.8901098901098901
0.7849462365591398
0.7802197802197801
0.7333333333333334
0.9466666666666668
0.8958333333333334
0.948849104859335
0.6000000000000001
0.6078431372549019
0.5604395604395604
0.6078431372549019
0.7916666666666665
0.8666666666666667
0.7916666666666667
0.9430199430199431
0.7333333333333333
0.7333333333333334
0.6875
0.6428571428571428
0.8119122257053291
0.9283154121863799
0.4982078853046595
0.7916666666666666
0.8809523809523809
0.7916666666666665
0.6865203761755486
0.7333333333333334
0.6875
0.7150997150997151
0.7333333333333334
0.8901098901098901
0.7442455242966752
0.7849462365591398
0.715099715099715
0.7619047619047619
0.8399999999999999
0.6865203761755486
0.8290598290598291
0.6415770609318996
0.829059829059829
0.8400000000000001
0.7333333333333333
0.6415770609318996
0.8809523809523809
0.7802197802197801
0.715099715099715
0.6875
0.84375
0.8666666666666667
0.9466666666666668
0.8901098901098901
0.9134199134199135
0.8958333333333334
0.7333333333333333
0.8119122257053291
0.7402597402597403
0.7402597402597403
0.6875
0.6266666666666667
0.6
0.8809523809523809
0.7619047619047619
0.6415770609318996
0.7333333333333334
0.6875
0.7333333333333333
0.561128526645768
0.8119122257053291
0.6865203761755486
0.9134199134199135
0.9134199134199135
0.8119122257053291
0.6875
0.84375
0.8666666666666667
0.7849462365591398
0.7849462365591398
0.8666666666666667
0.8857142857142857
0.9430199430199431
0.6865203761755486
0.7802197802197802
0.8119122257053292
0.7222222222222222
0.8290598290598291
0.7619047619047619
0.7442455242966752
0.7802197802197802
0.7333333333333334
0.8119122257053291
