0.8901098901098901
0.8809523809523809
1.0
0.8809523809523809
0.7916666666666666
0.7619047619047619
0.8901098901098901
1.0
0.8465473145780051
0.4736842105263158
0.6
0.6415770609318996
0.8399999999999999
1.0
0.8119122257053292
0.7402597402597403
0.9466666666666668
1.0
0.9430199430199431
0.6865203761755485
0.8809523809523809
0.8290598290598291
0.8666666666666667
1.0
0.84375
0.7619047619047619
0.8465473145780051
0.8809523809523809
0.9373040752351097
0.849624060150376
0.8809523809523809
0.715099715099715
0.8399999999999999
0.9373040752351097
0.829059829059829
0.8400000000000001
0.9466666666666668
0.8119122257053291
0.797979797979798
0.797979797979798
0.9
0.8901098901098901
0.8809523809523809
0.7333333333333334
0.9
0.9466666666666668
0.9466666666666668
0.6875
0.829059829059829
0.9283154121863799
0.7619047619047619
0.84375
0.8399999999999999
0.9
0.8119122257053291
0.8666666666666667
0.5670995670995671
0.8901098901098901
0.8666666666666667
0.84375
0.7916666666666666
0.8666666666666667
0.849624060150376
0.8666666666666667
0.8958333333333334
0.948849104859335
0.948849104859335
0.7802197802197802
0.6875
0.8290598290598291
0.7849462365591398
0.8465473145780051
0.8809523809523809
0.7916666666666667
0.9430199430199431
0.9430199430199431
0.8465473145780051
0.7849462365591398
0.8290598290598291
0.7619047619047619
0.9283154121863799
0.7619047619047619
0.948849104859335
0.9373040752351097
0.898989898989899
0.7849462365591398
0.7999999999999999
0.7802197802197802
0.6875
0.8958333333333334
0.8399999999999999
0.948849104859335
0.9283154121863799
0.7802197802197802
0.9430199430199431
0.948849104859335
0.8809523809523809
0.8290598290598291
0.8809523809523809
0.9466666666666668
0.8958333333333334
0.7619047619047619
0.829059829059829
0.8809523809523809
0.948849104859335
0.7802197802197802
0.6
1.0
0.8119122257053291
1.0
1.0
0.7849462365591398
0.948849104859335
0.829059829059829
0.9430199430199431
0.7849462365591398
0.9283154121863799
0.5670995670995671
0.898989898989899
0.6419437340153453
0.9430199430199431
1.0
0.8666666666666667
0.9
0.8290598290598291
0.7333333333333333
0.7333333333333334
0.8809523809523809
0.9373040752351097
1.0
0.9283154121863799
0.8809523809523809
0.8119122257053291
0.8119122257053291
0.9283154121863799
0.6865203761755485
0.8119122257053291
0.9373040752351097
0.803921568627451
0.9430199430199431
0.8119122257053291
0.8901098901098901
0.9430199430199431
0.6571428571428571
0.8901098901098901
0.829059829059829
0.948849104859335
0.8958333333333333
0.7619047619047619
0.8809523809523809
