0.7802197802197802
0.9430199430199431
0.8901098901098901
0.8465473145780051
0.8400000000000001
0.8901098901098901
0.7802197802197802
0.7333333333333334
0.9
1.0
0.7849462365591398
0.8809523809523809
0.9466666666666668
0.9373040752351097
0.8809523809523809
0.6415770609318996
0.8901098901098901
0.9466666666666668
0.8901098901098901
0.9283154121863799
0.9373040752351097
0.7333333333333334
0.8666666666666667
1.0
0.9373040752351097
0.8809523809523809
0.849624060150376
0.829059829059829
1.0
0.8958333333333334
0.829059829059829
0.8901098901098901
0.8958333333333333
0.8666666666666667
0.8809523809523809
0.8901098901098901
0.9466666666666668
0.7849462365591398
1.0
0.797979797979798
0.7999999999999999
0.8901098901098901
0.8809523809523809
0.9373040752351097
0.849624060150376
0.9466666666666668
1.0
0.6875
0.9430199430199431
1.0
0.8119122257053291
0.84375
0.8465473145780051
0.949874686716792
0.715099715099715
0.9283154121863799
0.6571428571428571
0.9466666666666668
0.8666666666666667
0.9134199134199135
0.7442455242966751
0.8119122257053291
0.8958333333333334
0.9283154121863799
0.8399999999999999
0.797979797979798
0.849624060150376
0.8901098901098901
0.9134199134199135
0.8809523809523809
0.9283154121863799
0.898989898989899
1.0
0.9466666666666668
0.8399999999999999
0.9373040752351097
0.948849104859335
0.8666666666666667
0.8901098901098901
0.7802197802197802
0.7333333333333334
0.829059829059829
0.797979797979798
0.9373040752351097
0.7493734335839599
0.6865203761755486
0.797979797979798
0.797979797979798
0.8958333333333333
0.898989898989899
0.797979797979798
0.948849104859335
0.9283154121863799
0.9430199430199431
0.9430199430199431
0.8399999999999999
0.9373040752351097
1.0
0.9430199430199431
0.8901098901098901
0.898989898989899
0.9373040752351097
0.829059829059829
0.7802197802197802
0.8958333333333334
0.8399999999999999
0.8666666666666667
1.0
0.8119122257053291
1.0
0.9466666666666668
0.9134199134199135
0.8465473145780051
0.8809523809523809
0.8901098901098901
0.7619047619047619
1.0
0.84375
0.849624060150376
0.6419437340153453
0.8809523809523809
0.8901098901098901
0.8809523809523809
0.8000000000000002
0.6415770609318997
0.7333333333333334
0.715099715099715
0.8809523809523809
0.9430199430199431
0.9134199134199135
0.7402597402597403
0.8119122257053291
0.9373040752351097
0.9373040752351097
0.8119122257053291
0.7333333333333333
0.7333333333333334
0.9373040752351097
0.9134199134199135
0.8809523809523809
0.8119122257053291
0.9466666666666668
0.9430199430199431
0.8198198198198199
0.8901098901098901
0.8901098901098901
0.7000000000000001
0.8901098901098901
0.8666666666666667
0.8666666666666667
