0.829059829059829
0.829059829059829
0.8901098901098901
0.7802197802197802
0.715099715099715
0.8809523809523809
0.6428571428571428
0.84375
0.7442455242966751
0.8198198198198199
0.7849462365591398
0.7849462365591398
0.7150997150997151
1.0
0.6415770609318996
0.6875
0.9466666666666668
0.8809523809523809
1.0
0.9283154121863799
0.9373040752351097
0.7333333333333334
0.7849462365591398
0.9283154121863799
0.6415770609318997
0.6415770609318996
0.5238095238095238
0.8809523809523809
0.9373040752351097
0.715099715099715
0.7619047619047619
0.7802197802197802
0.7802197802197802
0.6415770609318996
0.8809523809523809
0.8901098901098901
0.8958333333333333
0.7402597402597403
0.7916666666666665
0.7333333333333334
0.6419437340153453
0.7619047619047619
0.7849462365591398
0.6000000000000001
0.7916666666666666
0.7619047619047619
0.7619047619047619
0.5670995670995671
0.8809523809523809
0.7849462365591398
0.8119122257053291
0.7402597402597403
0.7333333333333334
0.9
0.6
0.84375
0.7222222222222222
0.8290598290598291
0.9283154121863799
0.7222222222222222
0.8809523809523809
0.7333333333333334
0.7802197802197801
0.6875
0.9466666666666668
0.7802197802197801
0.8958333333333333
0.6428571428571428
0.7402597402597403
0.4871794871794871
0.9134199134199135
0.8465473145780051
0.9373040752351097
0.8399999999999999
0.829059829059829
0.8666666666666667
0.8399999999999999
0.7402597402597403
0.7619047619047619
0.8666666666666667
0.84375
0.6865203761755486
0.696969696969697
0.8290598290598291
0.898989898989899
0.6865203761755486
0.7333333333333334
0.6875
0.7802197802197802
0.7333333333333334
0.8809523809523809
0.8399999999999999
0.9134199134199135
0.8399999999999999
0.9373040752351097
0.7619047619047619
0.9283154121863799
0.8901098901098901
0.7333333333333333
0.7619047619047619
0.7916666666666666
0.7333333333333333
0.829059829059829
0.8119122257053291
0.7802197802197801
0.715099715099715
0.7849462365591398
0.7402597402597403
0.7849462365591398
0.8901098901098901
0.8901098901098901
0.9134199134199135
0.8465473145780051
0.9373040752351097
0.9430199430199431
0.607843137254902
0.9283154121863799
0.6078431372549019
0.7333333333333334
0.6875
0.8809523809523809
0.8399999999999999
0.6415770609318996
0.797979797979798
0.6875
0.7333333333333333
0.6428571428571428
0.8119122257053291
0.8119122257053291
0.9134199134199135
0.9134199134199135
0.6865203761755486
0.7849462365591398
0.9373040752351097
0.7849462365591398
0.7849462365591398
0.8666666666666667
0.8666666666666667
1.0
0.7333333333333333
0.6865203761755486
0.8901098901098901
0.7333333333333333
0.8198198198198199
0.8290598290598291
0.829059829059829
0.8465473145780051
0.7802197802197802
0.84375
0.9283154121863799
