0.36246063877642826
0.3423693953105718
0.38187830687830693
0.4453641456582633
0.23744613229907344
0.4658460447934132
0.35450831220061985
0.47081807081807076
0.3270803270803271
0.3906986531986532
0.4215864215864216
0.46984681984681986
0.2684478919773038
0.41847376201034747
0.5004428904428905
0.3712675563552757
0.4605050505050505
0.36645109276688215
0.47909199522102747
0.30362670362670363
0.3933884297520661
0.39215506715506715
0.24131920710868074
0.427092300334768
0.3274294670846395
0.41791410344041924
0.29865689865689865
0.4266036993309721
0.40660130718954246
0.4242036124794746
0.4069364978455887
0.44471664698937424
0.16998405103668263
0.5086962833914054
0.35373931623931626
0.38253968253968257
0.4802221462747779
0.4853076216712581
0.36517119244391977
0.28487179487179487
0.2623932916582644
0.35799226026498754
0.342948717948718
0.2900612828032183
0.2398809523809524
0.33455433455433453
0.5873992673992674
0.5749281530794136
0.37817225509533203
0.4747838368528024
0.20573870573870573
0.3942865676736645
0.3026054873253515
0.2901744719926538
0.29657528851077236
0.31139794685990335
0.40863396322453394
0.4330738258157613
0.23010752688172043
0.2782717282717283
0.6324434824434825
0.4505031518189413
0.43869659355489315
0.3175324675324675
0.5834498834498835
0.5017036726714146
0.4502428127428128
0.4845161290322581
0.3232804232804233
0.3186417748917749
0.44391847468770546
0.4645094952581584
0.34343434343434337
0.42706900942195064
0.429320987654321
0.32895807895807894
0.4218801990731815
0.39478776125834947
0.332624950806769
0.3589779045314435
0.3524725274725275
0.38832894875302537
0.499936507936508
0.3940630797773655
0.32478632478632474
0.4190865093768905
0.4204674935259643
0.4041771094402673
0.3954378954378954
0.32875457875457875
0.2842333105491
0.38711591438864174
0.3630106735369893
0.583560407283204
0.2822510822510822
0.2137049941927991
0.22741892254087376
0.4047008547008547
0.40751993104934275
0.45942000822637435
0.5591550448286691
0.48624557260920903
0.3882539682539683
0.2893886743886743
0.3687881822007458
0.48323201621073963
0.3304761904761905
0.4321962351374116
0.3645770895770896
0.46028693528693526
0.29732142857142857
0.5185000769981007
0.3753374076903489
0.31352493660185965
0.31225798011512296
0.44194094304388426
0.37820512820512825
0.363562091503268
0.3012757444575626
0.47321937321937324
0.40549555808176496
0.45223675268924135
0.3703703703703704
0.2631975867269985
0.30198347107438017
0.507070707070707
0.6423687423687423
0.4456493506493507
0.4636363636363636
0.47506887052341595
0.38963369963369965
0.5282539682539682
0.332740943267259
0.3692331478045764
0.2939515455304929
0.3356060606060606
0.5071825396825397
0.25952380952380955
0.38118419215193405
0.4157589722105851
0.3845154845154845
0.5101344269765322
0.3710456493139006
0.3827549690452916
0.41385836385836383
0.4545472448698255
0.5272031889678949
0.42924159174159177
0.3148351648351648
0.4220331639686478
