0.3992063492063492
0.38089267054784304
0.34615384615384615
0.37788790157211205
0.2917744020685197
0.42671629445822995
0.32410952546699157
0.40377804014167656
0.35538720538720536
0.47104978354978355
0.5596054037230507
0.3283483483483483
0.33110735418427734
0.37727121363484994
0.5017748917748918
0.5109686609686609
0.44481954826782416
0.4564814814814815
0.4493827160493827
0.26788897377132675
0.3621933621933622
0.3208285966906657
0.2879084967320262
0.4782926829268293
0.39969474969474966
0.3987337083593768
0.2874125874125874
0.3511155511155511
0.3373333333333334
0.3497380952380952
0.3989177489177489
0.4548745372274784
0.327053317053317
0.6726190476190476
0.3299237312395207
0.3118087318087318
0.47232142857142867
0.5537190082644629
0.4761904761904762
0.4287766830870279
0.302031302031302
0.5100266709504246
0.3894248165215907
0.31220061989292763
0.26698736087530656
0.3513671513671514
0.6985431235431235
0.7564425770308123
0.37604062604062605
0.3801005446166737
0.3598983253588517
0.40944854953475646
0.31749482401656315
0.32987012987012987
0.3014348396701338
0.46516357206012376
0.36228287841191065
0.5166666666666667
0.20944417900939644
0.30934104011027086
0.6586120949757314
0.41282051282051285
0.5726438555869994
0.28666274201988484
0.4907218907218908
0.38347652347652345
0.40024891774891774
0.48256410256410254
0.498526936026936
0.33522308341148915
0.4247863247863248
0.5294098883572568
0.5102846648301194
0.4051201671891327
0.5110449735449736
0.4068181818181818
0.46202925614690327
0.47167159277504106
0.33025936052251836
0.2872838662312347
0.4410714285714286
0.4144444444444445
0.4833200648680525
0.48104395604395606
0.4342721173349977
0.39429342587237326
0.42436924394945386
0.4106227106227106
0.3858486341244962
0.3003232062055592
0.3489028944911298
0.3643439893439893
0.415906375583795
0.7004655168878042
0.39991582491582495
0.243504122296692
0.19220779220779222
0.43683832507361914
0.4556776556776557
0.3993519301211609
0.373911203702475
0.45650146954494775
0.42692660874479066
0.28511072261072257
0.4387843956809474
0.5254850088183421
0.4166666666666667
0.2621138562232531
0.3967320261437909
0.44102106227106225
0.2248931623931624
0.5545589676024458
0.4262751741012611
0.3120140427832736
0.37679756141294607
0.4156288156288156
0.4456056763749071
0.3451417004048583
0.4113078840351568
0.41664884135472374
0.42696608946608944
0.507724159898073
0.36217948717948717
0.47412587412587415
0.41891941391941395
0.3762626262626263
0.508080808080808
0.39512852988085184
0.3742167919799499
0.4918267891952102
0.48808823529411766
0.6598701298701298
0.3165768355491676
0.36105442176870745
0.1773351812877505
0.2400153609831029
0.5028657616892911
0.45271464646464643
0.37985347985347984
0.4660207991242474
0.48107978977544186
0.4459694989106754
0.3986436679935132
0.3470680834317198
0.43805599162742015
0.4987179487179487
0.5296207713854774
0.4923809523809524
0.46424286267546455
0.40880441845354126
