0.41458133128323404
0.47752639517345397
0.4413804713804714
0.5233880939763293
0.34207516339869287
0.4732967032967032
0.39581986640810174
0.4695652173913043
0.37322954822954824
0.4949712643678161
0.531305114638448
0.3858613608613609
0.28387509925971466
0.4390476190476191
0.5133275815093996
0.5833519274087297
0.43346405228758167
0.4902828652828653
0.3301849665486029
0.43046044864226685
0.39508158508158514
0.35463297571993224
0.36950019677292406
0.37103668261562994
0.3162111708482676
0.3442279942279942
0.2829059829059829
0.4835213687668105
0.3850641025641025
0.4219980554205153
0.43452380952380953
0.395936957779063
0.40997023809523814
0.5682870370370371
0.34509379509379506
0.47203502203502207
0.4896546106223525
0.5865079365079365
0.4255400619036982
0.4102064602064602
0.3860683760683761
0.5234453781512605
0.4478098290598291
0.3390767352305814
0.2707282913165266
0.4162244618126971
0.6113636363636364
0.41913807189542485
0.4116908732293348
0.4373312961548255
0.2742180205415499
0.4279525072628521
0.3685300207039337
0.32308249963752356
0.2938992042440318
0.4013126658287949
0.4517256936611775
0.4738582251082251
0.24333333333333332
0.31653265107212475
0.6004343228599521
0.4561191626409018
0.5185416033242121
0.3238351254480286
0.6345434868162141
0.465266551630188
0.4460648148148148
0.503030303030303
0.3591214626604826
0.3995716967288873
0.28570019723865875
0.4586713286713287
0.3194295900178253
0.4790665273423894
0.4606243429772841
0.3519112607822285
0.5207142857142857
0.5553030303030303
0.4217948717948718
0.4268525592055003
0.3686602189233768
0.29047619047619044
0.4976190476190476
0.3332766439909297
0.305187074829932
0.6047619047619047
0.35890567113137645
0.3864084633315402
0.42081686429512516
0.3080235553919764
0.3859761583445794
0.32206349206349205
0.42602397602397607
0.5477437417654808
0.3815736551030669
0.2565898154133448
0.21346884074156802
0.4329760889863192
0.4354700854700855
0.45354090354090365
0.4328787878787878
0.37382133018496655
0.515897435897436
0.40382439336798664
0.3746309246309247
0.45238095238095233
0.3287121212121212
0.39663382594417074
0.3560245310245311
0.5928571428571429
0.39733542319749215
0.5048637636872931
0.352118376041821
0.36707180553334395
0.3526681011296396
0.555552961925511
0.4574399959015343
0.3423778851315083
0.424008816165679
0.36742296918767503
0.5670751633986928
0.4356673241288626
0.4692265795206972
0.3759307359307359
0.4213991769547325
0.5132575757575757
0.4877410468319559
0.38539512774806894
0.3785458131611978
0.47954752782338983
0.4812590187590188
0.6561760461760462
0.30169465531784373
0.3558596165739023
0.27056277056277056
0.2819856388821906
0.42844192844192847
0.4655677655677656
0.5400098160286249
0.3434729521686044
0.4959284305438152
0.3721812596006144
0.3918162393162393
0.35515040515040514
0.6113164613164613
0.44610297110297115
0.5141081141081142
0.3614014146772767
0.44882478632478634
0.4139907478142772
