0.4561327561327561
0.3672593004143806
0.2244107744107744
0.425032175032175
0.23479225023342667
0.5001247950314164
0.30779453105034504
0.43789543789543794
0.341991341991342
0.5435561788997973
0.3547785547785548
0.2768145854833161
0.3154120389414507
0.3578392621870883
0.40372960372960376
0.6215659340659341
0.49773929773929776
0.31613756613756616
0.40215530656707127
0.28066380793653517
0.31350316350316354
0.3374564133184823
0.40187400318979266
0.29808080808080806
0.3170138888888889
0.27497835497835493
0.19379084967320262
0.48225108225108226
0.17916339869281045
0.4285395537525355
0.2711067898233674
0.3872222222222222
0.1756488840406559
0.49484126984126986
0.3220633941222176
0.30454336323901543
0.45481962481962485
0.5383838383838384
0.327911359396947
0.30406452521837135
0.2711233211233211
0.4107161777616323
0.4755876068376068
0.22612387612387613
0.285006435006435
0.31846764346764345
0.5776167691957166
0.5349646787387481
0.29232940972071403
0.3584457010294331
0.23421912624699
0.3056152927120669
0.3328030303030303
0.3397048823609411
0.26816928591122136
0.36515151515151517
0.42726574500768044
0.5367604617604618
0.19772727272727275
0.3196969696969697
0.5479853479853479
0.27556306306306305
0.4342124542124542
0.2617127496159754
0.48552754435107376
0.32184408184408186
0.3358730158730158
0.5483333333333333
0.37584146316203726
0.35634920634920636
0.35282326498784455
0.3551201671891327
0.31064594700958337
0.39385238944062473
0.33348364598364594
0.3437038304669005
0.4414554905782976
0.4648809523809524
0.3544669382904677
0.34578664799253034
0.37174145299145295
0.29734848484848486
0.5868315018315019
0.34287743310490343
0.28809975603144483
0.5436889499389499
0.5190168970814133
0.34395604395604396
0.37991789819376026
0.1920940170940171
0.3141788766788767
0.36494362027958865
0.37206323088676024
0.503477961432507
0.3574055087212982
0.297513013302487
0.19037524366471734
0.34175824175824177
0.4502595245510225
0.40721799567953415
0.4473232323232323
0.4044733044733045
0.26594202898550723
0.3395881895881896
0.3716049382716049
0.3764172335600907
0.35857142857142865
0.2712216264847843
0.35621693121693127
0.4345267032432808
0.1538648517258143
0.4745570634898698
0.31997038049669624
0.2931013431013431
0.2671414606898478
0.38956043956043956
0.3661630036630037
0.3252226700502563
0.3473137066603491
0.35125125125125123
0.3504901960784314
0.3572345528867268
0.3622127872127872
0.2907594856124268
0.35996825396825394
0.5594098883572567
0.5872850764700295
0.35304303539597653
0.38914954870837226
0.5398815743643329
0.4721815221815222
0.6352789023841656
0.2493338014728389
0.29433106575963724
0.2287878787878788
0.315945165945166
0.45029220779220774
0.34688151354818025
0.2803724053724054
0.4173961096374889
0.4012820512820513
0.40091503267973855
0.391504329004329
0.3259641873278237
0.47426257952573736
0.32092670401493933
0.4634554334554334
0.3194444444444444
0.3816017316017316
0.3508928571428571
