0.4375746528856576
0.3653357395292879
0.2604902957877786
0.42773109243697477
0.2386648745519713
0.4105578990489477
0.3725943739518401
0.4236141636141636
0.3388737578211262
0.44596273291925465
0.47487967229902717
0.3875113122171946
0.2302815133584364
0.3991634491634492
0.35259740259740263
0.3091657313879536
0.36676767676767674
0.3491379310344828
0.3868667518092806
0.26419136419136424
0.31782710043579604
0.3151515151515151
0.2677213678162445
0.3741892610313663
0.23087719298245615
0.3318673750491932
0.23822938195407828
0.4686002886002886
0.21992753623188405
0.3540860215053763
0.31076190476190474
0.24375712611006728
0.2692071086807929
0.3491161616161616
0.30648148148148147
0.40066287878787876
0.47994775339602924
0.5606437041219651
0.34317197953561585
0.31417338317790805
0.3298433048433048
0.3105580693815988
0.4137301587301588
0.28056943056943057
0.29816519909399164
0.2720710059171597
0.3938718738183979
0.5719256933542648
0.272960372960373
0.38633819158897525
0.25517676767676767
0.2851981351981352
0.3130193336075689
0.22634842634842636
0.29623837700760774
0.290767414403778
0.3937728937728938
0.48272195640616694
0.14737484737484738
0.2351307189542484
0.46216867927394245
0.23428793428793426
0.39583749583749583
0.28827838827838825
0.4730837789661319
0.42534435261707987
0.4321123321123321
0.5260714285714285
0.2938000696621386
0.32211538461538464
0.20465090465090466
0.3677156177156177
0.31993241867850014
0.3909090909090908
0.2645972686733556
0.28604497354497355
0.38718323586744635
0.4442028985507246
0.3252192252192252
0.3657588026009079
0.3715007215007215
0.271184692500482
0.6184223184223184
0.2859368362729708
0.283100233100233
0.573071373071373
0.4925714285714286
0.3016578831796223
0.5215384615384615
0.315018315018315
0.24444444444444444
0.36082251082251077
0.22024074781427724
0.42432900432900433
0.27592592592592585
0.2807192807192807
0.20836516424751717
0.3199250025336982
0.3054778554778555
0.2574592074592075
0.37896825396825395
0.303842775581906
0.428040293040293
0.38901098901098896
0.36719169719169714
0.3136304909560723
0.3036256157635468
0.34657909140667764
0.3772568676593444
0.36020499108734405
0.32526564344746156
0.37878787878787873
0.5151948051948052
0.2861667744020685
0.22328750871260988
0.4090608465608465
0.2596988032210704
0.3999417249417249
0.34821592548865277
0.43088624338624343
0.3311671087533156
0.3626373626373626
0.3333987833987834
0.25092592592592594
0.3107331940090561
0.36332042226779065
0.4943722943722944
0.29786324786324786
0.28833120204603585
0.48859952308228166
0.46488413547237073
0.464949494949495
0.4643097643097643
0.3700486295313881
0.35028673835125457
0.29397958363475607
0.4467350830987195
0.36046124325694223
0.42632222849614154
0.4021336996336996
0.3057498057498057
0.4022943722943723
0.21538433335166546
0.4692960398750552
0.28615384615384615
0.32252988239830344
0.46495337995337993
0.2926406926406926
0.3439711803348166
0.3542508417508417
