0.47190999138673556
0.3807932263814617
0.41285316937490846
0.40436507936507937
0.34900631704037277
0.5238095238095238
0.4648408648408648
0.44865134865134865
0.3593370681605976
0.5198412698412699
0.43333333333333324
0.40442773600668336
0.30729783037475344
0.47119883040935673
0.5296509046509047
0.6253973201144777
0.4712324929971989
0.4921587671587672
0.51996151996152
0.46504618376276136
0.4385281385281385
0.4092929292929293
0.3838235294117647
0.5703030303030303
0.41708158612547325
0.31249999999999994
0.3074396867500316
0.46070707070707073
0.24480895915678524
0.47584656084656085
0.3191378066378066
0.48392156862745095
0.2282304526748971
0.4556623931623931
0.37439082656473965
0.3318973297234167
0.5724229691876751
0.607524054892476
0.4863636363636364
0.4549942485165157
0.3965848965848966
0.6615995115995116
0.3383394383394383
0.3670326089680928
0.35580277565571683
0.49172494172494174
0.5043694867224279
0.6943485516676307
0.4121391429083736
0.44836678473042113
0.25487515580394837
0.4757395382395382
0.31690824327187966
0.32065107841161056
0.29293796129495925
0.29628384687208215
0.4598443223443223
0.6462962962962963
0.17427609427609428
0.3325954348681622
0.5769607843137255
0.3055555555555556
0.633342888995063
0.3674242424242424
0.5502240449608871
0.49582362082362086
0.5328627893845286
0.5597863247863248
0.4622951868919611
0.3978835978835979
0.42318318935965993
0.43266879319510904
0.36851633215269575
0.5343960133433817
0.329389436934194
0.4369520264681555
0.547047047047047
0.5361650992685476
0.42171717171717177
0.3382034632034632
0.5286836649735415
0.48111111111111116
0.5129882398303451
0.4444222133297764
0.3560860707919531
0.46411483253588515
0.5288116272442291
0.46384479717813054
0.5360741901776385
0.4535575048732943
0.4318474318474319
0.3722943722943723
0.38130252100840334
0.5742451921480055
0.43796296296296294
0.21343101343101342
0.1869244244244244
0.35577422577422585
0.43614727153188687
0.44403744403744416
0.43079365079365084
0.49187736579040925
0.4953886693017128
0.30746031746031743
0.4138198757763975
0.5061447811447812
0.37805120167189127
0.4477508430362028
0.39202905680178407
0.49513888888888885
0.33416429249762586
0.5650484780919564
0.427395634668362
0.318678847018928
0.3261038961038961
0.4567765567765567
0.4545411853104161
0.4386557886557885
0.3519640852974186
0.39936507936507937
0.4804247835497835
0.5345861867600998
0.28940568475452194
0.415945165945166
0.45886243386243386
0.36092089728453364
0.47157509157509153
0.4257575757575758
0.46461640211640215
0.5042621106262081
0.5879068462401796
0.6195427963849016
0.4065852442280327
0.48534798534798534
0.30802054154995334
0.3191206941206941
0.4579165279165279
0.4212962962962963
0.413489409141583
0.3633126133126133
0.4675324675324675
0.44512987012987004
0.4946963562753036
0.4466942148760331
0.534839519454904
0.38900842746996595
0.4638528138528138
0.3541192141192141
0.4714907697666318
0.3508268964151317
