0.4961472836472837
0.3929292929292929
0.3388600288600288
0.5565406162464986
0.36104636104636106
0.5402294675021948
0.5559275559275559
0.4891381345926801
0.4878088241724605
0.5900921658986176
0.5342481773854323
0.31252361673414303
0.37571772956388333
0.4325889724310777
0.5707988980716254
0.6553406271148206
0.6215277777777778
0.48562408562408566
0.5194565960355434
0.30487202855623907
0.40956128510987444
0.38218481629852863
0.45816993464052297
0.5069696969696971
0.3440998329156224
0.38988380041011617
0.27593342330184434
0.5511171624074851
0.4800000000000001
0.449599442702891
0.3701631701631702
0.5521727609962904
0.3375451559934318
0.6943400167084377
0.4502116402116403
0.3308497508497509
0.5393073593073593
0.5405705405705405
0.524944424944425
0.4684981684981685
0.44346764346764345
0.5558130322836204
0.41897920087575263
0.3354764390963486
0.3878787878787879
0.4586942469295411
0.6511626563113977
0.6100113122171946
0.3358651753300582
0.3865740740740741
0.3541666666666667
0.5406746031746031
0.36432900432900434
0.26309435821630944
0.2953018246121694
0.40055555555555555
0.4450118508942038
0.5875176889669643
0.32453326907974583
0.32407407407407407
0.6847104586235021
0.4337020086448004
0.5952991452991452
0.3786125053093379
0.5482332982332982
0.48174354381250933
0.44261738261738265
0.5791779788838614
0.4558682058682058
0.41714285714285704
0.49509891817584123
0.40974025974025974
0.37731157731157733
0.4779768124595711
0.46299019607843134
0.41014988595633756
0.4586182336182336
0.4618787878787879
0.34801587301587295
0.27586580086580087
0.6261183261183262
0.34053846153846157
0.5988991710044342
0.49072356215213364
0.3701042547196393
0.6001244942421413
0.5907142857142857
0.4627647714604236
0.47372742200328416
0.4140809011776754
0.474025974025974
0.47928571428571426
0.506060606060606
0.5254936286284249
0.49648078529657474
0.31846846846846844
0.261976911976912
0.4701138730550495
0.47269252486643787
0.4737125619478561
0.4688383838383839
0.45380952380952383
0.5202676111767021
0.44364302364302366
0.5174734356552538
0.5971422912599382
0.4745502645502645
0.41441891441891443
0.40269926152279095
0.46819358178053827
0.3465811965811965
0.5156999862882216
0.4801817710908621
0.4054945054945055
0.43391157337645636
0.5088747326887745
0.4712481962481962
0.41463675213675216
0.5202224675908886
0.47025900900900897
0.4815904139433551
0.5078754578754578
0.4556661287430518
0.5061452404701833
0.4853463203463204
0.5651515151515152
0.5411692684419958
0.4508356452628899
0.4755456867525833
0.45432299182299185
0.6599095530468079
0.7112193362193362
0.4796953492140657
0.46096938775510204
0.3513507509108682
0.36534736036202314
0.4672252747252747
0.48180309160701323
0.362008362008362
0.3832368919325442
0.5052912899066746
0.4314420502358791
0.5208802308802308
0.5877412280701755
0.5791042291042291
0.501089811759787
0.4964187327823692
0.39395604395604394
0.4518518518518519
0.4977490421455939
