1.0
0.9430199430199431
1.0
1.0
1.0
0.9466666666666668
0.8399999999999999
1.0
0.8465473145780051
1.0
0.8666666666666667
1.0
0.948849104859335
1.0
0.9430199430199431
0.8857142857142857
0.9466666666666668
1.0
1.0
0.8666666666666667
0.9373040752351097
0.9373040752351097
0.9373040752351097
0.9283154121863799
1.0
0.9430199430199431
0.949874686716792
0.829059829059829
0.8666666666666667
0.8958333333333334
0.9430199430199431
0.8901098901098901
0.8958333333333333
0.8666666666666667
0.9430199430199431
1.0
0.948849104859335
0.7849462365591398
0.898989898989899
0.949874686716792
0.898989898989899
0.9430199430199431
0.9373040752351097
0.8809523809523809
0.849624060150376
0.8901098901098901
1.0
0.7402597402597403
0.8809523809523809
1.0
0.8809523809523809
1.0
0.9466666666666668
1.0
0.9373040752351097
0.9373040752351097
1.0
0.9466666666666668
0.9283154121863799
1.0
0.9466666666666668
0.9283154121863799
0.948849104859335
1.0
0.9466666666666668
0.8958333333333334
0.948849104859335
1.0
0.9134199134199135
0.9373040752351097
0.9283154121863799
0.898989898989899
1.0
1.0
0.9430199430199431
1.0
1.0
0.84375
0.9466666666666668
0.9373040752351097
0.9283154121863799
0.8901098901098901
0.9
1.0
0.949874686716792
0.8119122257053291
0.9
0.8958333333333333
0.9466666666666668
1.0
0.9430199430199431
1.0
0.8666666666666667
1.0
0.9373040752351097
0.9466666666666668
1.0
0.948849104859335
0.8119122257053291
1.0
0.898989898989899
1.0
0.8809523809523809
1.0
0.948849104859335
0.9466666666666668
0.8809523809523809
1.0
0.8119122257053291
1.0
0.9466666666666668
0.9134199134199135
1.0
0.9430199430199431
0.9373040752351097
1.0
1.0
0.9134199134199135
1.0
0.8958333333333333
0.8901098901098901
0.9466666666666668
0.9373040752351097
0.949874686716792
0.8666666666666667
0.9430199430199431
0.829059829059829
0.9373040752351097
0.7849462365591398
1.0
1.0
1.0
0.9430199430199431
0.8809523809523809
0.8666666666666667
0.7402597402597403
0.8666666666666667
1.0
1.0
0.829059829059829
1.0
1.0
1.0
0.8198198198198199
0.9466666666666668
0.9466666666666668
0.948849104859335
0.9466666666666668
1.0
0.9373040752351097
