0.4117647058823529
0.393939393939394
0.393939393939394
0.393939393939394
0.3548387096774194
0.393939393939394
0.393939393939394
0.42857142857142855
0.3333333333333333
0.4736842105263158
0.4444444444444445
0.4117647058823529
0.37499999999999994
0.42857142857142855
0.393939393939394
0.45945945945945943
0.37499999999999994
0.393939393939394
0.4117647058823529
0.4444444444444445
0.4117647058823529
0.42857142857142855
0.4117647058823529
0.42857142857142855
0.42857142857142855
0.4117647058823529
0.3333333333333333
0.4117647058823529
0.42857142857142855
0.3548387096774194
0.393939393939394
0.393939393939394
0.37499999999999994
0.4117647058823529
0.4117647058823529
0.4117647058823529
0.37499999999999994
0.42857142857142855
0.3333333333333333
0.3548387096774194
0.3103448275862069
0.393939393939394
0.42857142857142855
0.42857142857142855
0.3548387096774194
0.37499999999999994
0.393939393939394
0.42857142857142855
0.4117647058823529
0.4444444444444445
0.4117647058823529
0.45945945945945943
0.37499999999999994
0.3333333333333333
0.4117647058823529
0.42857142857142855
0.45945945945945943
0.37499999999999994
0.4444444444444445
0.45945945945945943
0.393939393939394
0.42857142857142855
0.3548387096774194
0.42857142857142855
0.393939393939394
0.3548387096774194
0.37499999999999994
0.393939393939394
0.45945945945945943
0.42857142857142855
0.4444444444444445
0.3333333333333333
0.4117647058823529
0.37499999999999994
0.393939393939394
0.4117647058823529
0.37499999999999994
0.42857142857142855
0.37499999999999994
0.4117647058823529
0.42857142857142855
0.4117647058823529
0.3548387096774194
0.42857142857142855
0.3333333333333333
0.42857142857142855
0.3548387096774194
0.37499999999999994
0.37499999999999994
0.3548387096774194
0.393939393939394
0.37499999999999994
0.4444444444444445
0.393939393939394
0.4117647058823529
0.37499999999999994
0.42857142857142855
0.37499999999999994
0.4117647058823529
0.393939393939394
0.3548387096774194
0.4117647058823529
0.4117647058823529
0.4117647058823529
0.3548387096774194
0.393939393939394
0.4117647058823529
0.42857142857142855
0.42857142857142855
0.37499999999999994
0.37499999999999994
0.45945945945945943
0.3548387096774194
0.4117647058823529
0.4117647058823529
0.42857142857142855
0.42857142857142855
0.4444444444444445
0.3548387096774194
0.28571428571428575
0.393939393939394
0.393939393939394
0.4117647058823529
0.3333333333333333
0.42857142857142855
0.393939393939394
0.393939393939394
0.42857142857142855
0.4117647058823529
0.4444444444444445
0.4444444444444445
0.4117647058823529
0.4117647058823529
0.42857142857142855
0.42857142857142855
0.4444444444444445
0.42857142857142855
0.4117647058823529
0.45945945945945943
0.4117647058823529
0.4117647058823529
0.393939393939394
0.393939393939394
0.4736842105263158
0.37499999999999994
0.393939393939394
0.37499999999999994
0.37499999999999994
0.42857142857142855
0.42857142857142855
