0.715099715099715
0.715099715099715
0.8958333333333334
0.7802197802197802
0.715099715099715
0.8809523809523809
0.6428571428571428
0.8290598290598291
0.6875
0.4444444444444444
0.6875
0.6865203761755486
0.6875
1.0
0.6428571428571428
0.5238095238095238
0.8958333333333333
0.6865203761755485
0.8809523809523809
0.7849462365591398
0.8666666666666667
0.8666666666666667
0.6875
1.0
0.6865203761755486
0.7333333333333333
0.6875
0.8666666666666667
0.8809523809523809
0.6428571428571429
0.6865203761755485
0.715099715099715
0.6703296703296704
0.715099715099715
0.8119122257053291
0.829059829059829
0.9466666666666668
0.7402597402597403
0.6703296703296704
0.5604395604395604
0.7000000000000001
0.6865203761755485
0.8809523809523809
0.6000000000000001
0.6875000000000001
0.7333333333333334
0.829059829059829
0.53125
0.8809523809523809
0.7849462365591398
0.8119122257053291
0.6000000000000001
0.6703296703296704
0.7442455242966751
0.4982078853046595
0.7849462365591398
0.6078431372549019
0.8290598290598291
0.84375
0.42857142857142855
0.7619047619047619
0.7402597402597403
0.7802197802197801
0.7333333333333334
0.8958333333333334
0.7916666666666666
0.8465473145780051
0.6703296703296704
0.6078431372549019
0.4505494505494505
0.803921568627451
0.8000000000000002
0.8119122257053291
0.7333333333333334
0.7802197802197802
0.8119122257053291
0.7333333333333334
0.8119122257053291
0.7619047619047619
0.6011396011396012
0.7849462365591398
0.6865203761755486
0.696969696969697
0.7619047619047619
0.8465473145780051
0.4666666666666667
0.6419437340153453
0.7916666666666667
0.8399999999999999
0.6703296703296703
0.8399999999999999
0.8290598290598291
0.84375
0.7802197802197802
0.8119122257053291
0.7442455242966752
0.9373040752351097
0.8901098901098901
0.7619047619047619
0.829059829059829
0.7333333333333334
0.7333333333333333
0.6703296703296704
0.8809523809523809
0.6266666666666667
0.6703296703296704
0.6415770609318996
0.7849462365591398
0.7849462365591398
0.7802197802197802
0.8290598290598291
0.7849462365591398
0.715099715099715
0.829059829059829
0.8809523809523809
0.7402597402597403
0.84375
0.411764705882353
0.6419437340153453
0.4949494949494949
0.7619047619047619
0.8958333333333334
0.6865203761755486
0.7333333333333334
0.7333333333333334
0.7333333333333333
0.561128526645768
0.8119122257053291
0.8119122257053291
1.0
0.9134199134199135
0.6865203761755486
0.8119122257053291
0.6415770609318997
0.7402597402597403
0.7849462365591398
0.8666666666666667
0.6415770609318996
0.803921568627451
0.6
0.6415770609318996
0.8901098901098901
0.7333333333333333
0.7222222222222222
0.6428571428571428
0.829059829059829
0.898989898989899
0.8290598290598291
0.7402597402597403
0.9373040752351097
