0.8809523809523809
0.8901098901098901
0.9430199430199431
0.715099715099715
0.715099715099715
0.8901098901098901
0.6865203761755485
1.0
0.6703296703296704
0.42857142857142855
0.7333333333333333
0.7333333333333333
0.6865203761755485
0.8809523809523809
0.6865203761755485
0.6000000000000001
0.8399999999999999
0.8119122257053292
0.9430199430199431
0.84375
0.7802197802197802
0.7849462365591398
0.7333333333333333
0.9373040752351097
0.7849462365591398
0.6865203761755486
0.6875
0.8809523809523809
0.8666666666666667
0.8465473145780051
0.7619047619047619
0.829059829059829
0.52
0.561128526645768
0.7849462365591398
0.9373040752351097
0.8399999999999999
0.6875
0.7916666666666665
0.7916666666666666
0.7442455242966752
0.715099715099715
0.8666666666666667
0.3548387096774193
0.7916666666666666
0.7333333333333334
0.797979797979798
0.7402597402597403
0.7849462365591398
1.0
0.7619047619047619
0.803921568627451
0.6011396011396012
0.6969696969696968
0.7333333333333333
0.8666666666666667
0.5670995670995671
0.7619047619047619
0.8666666666666667
0.5670995670995671
0.7802197802197802
0.9283154121863799
0.7916666666666666
0.7849462365591398
0.7802197802197802
0.8400000000000001
0.797979797979798
0.715099715099715
0.6571428571428571
0.6428571428571428
0.7402597402597403
0.7493734335839599
1.0
0.8399999999999999
0.7619047619047619
0.8119122257053291
0.7916666666666667
0.7333333333333334
0.7619047619047619
0.6
0.6415770609318997
0.561128526645768
0.8400000000000001
0.7619047619047619
0.8465473145780051
0.6415770609318997
0.8465473145780051
0.8399999999999999
0.6419437340153453
0.7333333333333334
0.8119122257053292
0.8399999999999999
0.7849462365591398
0.8901098901098901
0.7333333333333333
0.7333333333333334
0.8666666666666667
0.8901098901098901
0.6703296703296704
0.8958333333333334
0.7442455242966752
0.5238095238095238
0.829059829059829
0.715099715099715
0.8400000000000001
0.8119122257053292
0.6865203761755486
0.84375
0.7849462365591398
0.8901098901098901
0.7333333333333334
0.84375
0.6875000000000001
0.7802197802197802
0.8666666666666667
0.6875
0.84375
0.6875
0.7442455242966752
0.595959595959596
0.8119122257053292
0.8809523809523809
0.7333333333333333
0.7333333333333334
0.6415770609318997
0.8119122257053292
0.6865203761755485
0.7619047619047619
0.8119122257053291
0.9134199134199135
0.84375
0.8119122257053291
0.6011396011396012
0.7849462365591398
0.9283154121863799
0.6415770609318997
0.7849462365591398
0.8119122257053291
0.8857142857142857
0.7333333333333333
0.7619047619047619
0.8399999999999999
0.6865203761755485
0.6571428571428571
0.7802197802197802
0.8809523809523809
0.8399999999999999
0.7150997150997151
0.9283154121863799
0.8809523809523809
