1.0
0.8809523809523809
1.0
0.9430199430199431
0.7802197802197801
0.8119122257053292
0.9430199430199431
0.8809523809523809
0.949874686716792
1.0
0.84375
0.7849462365591398
0.9466666666666668
1.0
0.8119122257053292
0.803921568627451
0.9466666666666668
0.8809523809523809
1.0
0.9283154121863799
0.9373040752351097
0.9373040752351097
0.8666666666666667
0.9283154121863799
0.8666666666666667
0.7849462365591398
0.898989898989899
0.8119122257053291
0.9283154121863799
0.8958333333333334
0.8809523809523809
0.8809523809523809
0.8290598290598291
0.9373040752351097
0.8119122257053291
0.8809523809523809
0.9466666666666668
0.9283154121863799
0.8465473145780051
0.8465473145780051
0.9
0.829059829059829
0.9373040752351097
0.8666666666666667
0.8465473145780051
0.8901098901098901
0.8809523809523809
0.5670995670995671
0.9373040752351097
0.803921568627451
0.8666666666666667
1.0
0.8958333333333333
0.9
0.7619047619047619
0.9283154121863799
0.8857142857142857
0.7619047619047619
0.9283154121863799
1.0
0.829059829059829
0.9283154121863799
0.948849104859335
0.9283154121863799
0.9430199430199431
0.8958333333333334
0.898989898989899
0.8901098901098901
0.9134199134199135
0.7849462365591398
0.9134199134199135
0.949874686716792
0.8666666666666667
0.9466666666666668
0.8901098901098901
1.0
1.0
0.84375
0.8901098901098901
0.8119122257053291
0.9283154121863799
0.9373040752351097
0.9
1.0
0.7916666666666665
0.7849462365591398
0.949874686716792
0.7802197802197802
0.7619047619047619
0.949874686716792
0.8399999999999999
0.9466666666666668
0.9134199134199135
0.8809523809523809
0.9373040752351097
0.9466666666666668
0.9373040752351097
0.9466666666666668
0.8809523809523809
0.829059829059829
0.8400000000000001
0.8666666666666667
1.0
0.9373040752351097
0.8400000000000001
0.8901098901098901
0.8666666666666667
0.9283154121863799
0.9283154121863799
0.9466666666666668
1.0
0.9134199134199135
1.0
0.9373040752351097
0.9373040752351097
0.7849462365591398
1.0
0.803921568627451
0.948849104859335
0.797979797979798
0.9430199430199431
0.8958333333333334
0.8119122257053291
0.949874686716792
0.9373040752351097
0.7333333333333333
0.7802197802197802
0.9373040752351097
0.8119122257053291
1.0
1.0
0.8809523809523809
0.9373040752351097
0.9373040752351097
0.9283154121863799
0.84375
0.8666666666666667
0.8666666666666667
0.8857142857142857
0.9430199430199431
0.9373040752351097
1.0
0.9430199430199431
0.8198198198198199
0.8290598290598291
0.829059829059829
0.898989898989899
0.9466666666666668
0.9283154121863799
1.0
