0.8666666666666667
0.829059829059829
0.9430199430199431
0.6000000000000001
0.715099715099715
0.6415770609318996
0.7333333333333333
0.7333333333333334
0.7916666666666665
0.4594594594594595
0.6078431372549019
0.7333333333333333
0.8290598290598291
1.0
0.7333333333333333
0.7402597402597403
0.9466666666666668
0.8119122257053292
0.8666666666666667
0.6078431372549019
0.8666666666666667
0.7333333333333334
0.7333333333333333
0.7402597402597403
0.6875
0.7849462365591398
0.6703296703296704
0.8809523809523809
0.9283154121863799
0.715099715099715
0.8119122257053292
0.7619047619047619
0.7150997150997151
0.7849462365591398
0.7849462365591398
0.9430199430199431
0.9466666666666668
0.7402597402597403
0.7333333333333334
0.6428571428571429
0.6266666666666667
0.6865203761755485
0.9373040752351097
0.6415770609318997
0.8465473145780051
0.6000000000000001
0.8119122257053292
0.53125
0.9373040752351097
0.803921568627451
0.7619047619047619
1.0
0.7150997150997151
0.6969696969696968
0.4982078853046595
0.84375
0.6571428571428571
0.8901098901098901
1.0
0.6571428571428571
0.6865203761755485
0.7849462365591398
0.7802197802197801
0.7849462365591398
0.8901098901098901
0.8400000000000001
0.7916666666666667
0.715099715099715
0.5670995670995671
0.6428571428571428
0.803921568627451
0.7916666666666665
0.8666666666666667
0.7802197802197802
0.7619047619047619
0.7333333333333333
0.8399999999999999
0.7849462365591398
0.7619047619047619
0.6428571428571428
0.84375
0.7333333333333333
0.7916666666666666
0.9373040752351097
0.8465473145780051
0.6865203761755486
0.6428571428571429
0.6703296703296704
0.8290598290598291
0.6266666666666667
0.715099715099715
0.8901098901098901
1.0
0.8399999999999999
0.8666666666666667
0.9466666666666668
0.7849462365591398
0.8290598290598291
0.6865203761755486
0.6428571428571428
0.715099715099715
0.7333333333333333
0.7333333333333333
0.7849462365591398
0.6428571428571429
0.6000000000000001
0.6875
0.7402597402597403
0.84375
0.8290598290598291
0.8290598290598291
0.84375
0.715099715099715
0.9373040752351097
0.9373040752351097
0.39393939393939387
0.84375
0.6078431372549019
0.715099715099715
0.6491228070175439
0.8119122257053292
0.7802197802197802
0.7333333333333333
0.6703296703296704
0.5670995670995671
0.6000000000000001
0.561128526645768
0.6875
0.7333333333333333
0.9134199134199135
0.84375
0.8119122257053291
0.8666666666666667
0.84375
0.84375
0.84375
0.9283154121863799
0.7849462365591398
1.0
0.7849462365591398
0.6415770609318996
0.8901098901098901
0.7333333333333333
0.8198198198198199
0.8290598290598291
0.8809523809523809
0.8465473145780051
0.7802197802197802
0.84375
0.9283154121863799
