1.0
0.9430199430199431
1.0
1.0
0.898989898989899
0.9466666666666668
1.0
1.0
0.898989898989899
1.0
0.9134199134199135
0.8666666666666667
1.0
1.0
1.0
0.9134199134199135
0.9466666666666668
0.9430199430199431
1.0
1.0
0.9373040752351097
0.84375
0.8666666666666667
0.9283154121863799
1.0
1.0
0.949874686716792
1.0
1.0
0.8958333333333334
0.9430199430199431
0.7619047619047619
0.9466666666666668
0.8666666666666667
0.8809523809523809
1.0
1.0
0.9283154121863799
0.9
0.7333333333333334
0.949874686716792
0.8901098901098901
0.9373040752351097
0.9373040752351097
0.898989898989899
0.9466666666666668
1.0
0.607843137254902
1.0
0.9283154121863799
0.9430199430199431
0.9134199134199135
0.9466666666666668
0.949874686716792
0.8809523809523809
1.0
0.8857142857142857
0.8290598290598291
0.9283154121863799
1.0
0.9430199430199431
0.9283154121863799
0.948849104859335
1.0
1.0
1.0
0.948849104859335
0.8809523809523809
0.84375
1.0
1.0
0.898989898989899
0.8809523809523809
0.9466666666666668
1.0
1.0
1.0
1.0
0.8901098901098901
0.7849462365591398
0.9283154121863799
0.8666666666666667
0.849624060150376
0.9283154121863799
0.898989898989899
0.7849462365591398
0.8465473145780051
0.948849104859335
0.9466666666666668
1.0
0.9430199430199431
0.948849104859335
1.0
1.0
0.9373040752351097
1.0
0.9373040752351097
0.9466666666666668
0.9430199430199431
0.9466666666666668
0.8958333333333334
0.8666666666666667
1.0
0.9373040752351097
0.948849104859335
0.8809523809523809
0.7333333333333333
1.0
0.9373040752351097
0.9466666666666668
1.0
1.0
1.0
1.0
0.9373040752351097
0.9283154121863799
1.0
0.803921568627451
1.0
0.8
1.0
0.9466666666666668
1.0
0.949874686716792
0.9373040752351097
0.8809523809523809
0.829059829059829
0.9283154121863799
0.9373040752351097
1.0
0.9134199134199135
1.0
0.9373040752351097
0.9373040752351097
1.0
0.9283154121863799
0.9283154121863799
1.0
1.0
0.8809523809523809
0.8666666666666667
1.0
0.9430199430199431
1.0
0.9466666666666668
0.9430199430199431
0.948849104859335
1.0
0.9283154121863799
1.0
