0.7388647342995168
0.7898209556384638
0.7320853761204379
0.7058852805773298
0.7631619576964646
0.7000661375661377
0.6929230190099757
0.7331533789646197
0.7747040046505287
0.7692601802090854
0.7031529480772148
0.7373074229691876
0.7214045139782366
0.7619071434525297
0.7156983053343945
0.7253616574004923
0.702020202020202
0.6897710986604918
0.788930717503268
0.7793650793650794
0.766782100509551
0.7255323496726263
0.7406441450849345
0.8006071843556083
0.8174524853801169
0.7916938428363617
0.7603700566379326
0.8020073821237227
0.6792811433260871
0.7394706725717178
0.7889278752436647
0.7751147373788884
0.7047809428619024
0.7906148830028688
0.7119182716641359
0.7170227294898059
0.637498188215655
0.7385711611105603
0.7310194854868793
0.740827606160773
0.6584778496746945
0.7555029303087665
0.7827833440324604
0.7202647678407882
0.7224815618968844
0.6924678594528201
0.7869776828110161
0.6712617214667721
0.7443006584979578
0.766977581410571
0.7678077414090364
0.7651857945975594
0.736723464406352
0.7406675450153711
0.777351789246846
0.7478127382390923
0.7101055806938158
0.7891865079365079
0.7708667090485273
0.7754050685500623
0.7485552084506231
0.8021645021645022
0.756271551724138
0.7132575757575758
0.6953499030751127
0.7736795214458444
0.7199039982545138
0.8341084450863933
0.7902294251033745
0.7017368180342864
0.7455747536392697
0.7454990250689176
0.7320037986704654
0.7100384214988678
0.706863387978142
0.7249368534634993
0.7738142379139262
0.7374171657780607
0.7074173949465145
0.7692218559584457
0.7253183091418386
0.7122070911544597
0.7284773097273097
0.8007624291840948
0.7809576224545957
0.8286790780141843
0.7346851088503125
0.7637869182760824
0.7812094248578609
0.6994489364902877
0.7527169600228961
0.8262852404643449
0.723357413140695
0.6156063751423023
0.7069622883576372
0.7044451247512629
0.7129629629629629
0.7931810490254376
0.7856734733007382
0.7631394633645132
0.7761840498682604
0.8020375614360576
0.7841641139886755
0.7275623437595268
0.7018386348283255
0.721799732427704
0.7003430910106401
0.7526695526695527
0.7892178975922818
0.7087929187655607
0.7518821491656805
0.7382422374170036
0.7295357951095656
0.7088740369442124
0.7646545031055901
0.8031801561884911
0.6686326291079813
0.7327456572465647
0.7297932400122181
0.7440772656599993
0.7539838567889395
0.7633540131457588
0.7482903402468649
0.7772967772967773
0.7203759019268109
0.783556064655721
0.7410044500953593
0.7643940001604236
0.7000698812019567
0.7934213934213935
0.7679797785060943
0.6889549632461387
0.6978806907378337
0.7622052277224691
0.7195467335547319
0.7684981684981684
0.696653969156289
0.7461118116855822
0.7393714683459663
0.6958672086720868
0.7682880951801002
0.7210913999904826
0.727392555462731
0.7062992125984252
0.7394846027939552
0.74134034965254
0.7497448979591836
0.7517985531737478
0.7761998252344896
0.7812933724212167
