0.22118380062305298
0.21052631578947367
0.21052631578947367
0.20833333333333334
0.21052631578947367
0.21909233176838813
0.22325581395348837
0.22530864197530867
0.2016260162601626
0.21698113207547168
0.2016260162601626
0.20611916264090177
0.21052631578947367
0.23916292974588937
0.21269841269841272
0.21052631578947367
0.21909233176838813
0.22325581395348837
0.20833333333333334
0.21909233176838813
0.20611916264090177
0.21052631578947367
0.21909233176838813
0.21698113207547168
0.21484992101105846
0.20833333333333334
0.20388349514563106
0.21269841269841272
0.22325581395348837
0.20833333333333334
0.18760469011725292
0.18274111675126903
0.22325581395348837
0.23333333333333336
0.21909233176838813
0.21909233176838813
0.21269841269841272
0.20833333333333334
0.21698113207547168
0.21269841269841272
0.21052631578947367
0.20388349514563106
0.21484992101105846
0.21484992101105846
0.20388349514563106
0.24296296296296296
0.21269841269841272
0.20611916264090177
0.21484992101105846
0.21484992101105846
0.16753926701570684
0.21484992101105846
0.2016260162601626
0.19000000000000003
0.21698113207547168
0.19704433497536947
0.22118380062305298
0.20611916264090177
0.21052631578947367
0.22325581395348837
0.21909233176838813
0.22530864197530867
0.21909233176838813
0.20833333333333334
0.2521739130434783
0.21052631578947367
0.21052631578947367
0.23333333333333336
0.20611916264090177
0.22325581395348837
0.20611916264090177
0.2352941176470588
0.20611916264090177
0.22325581395348837
0.21052631578947367
0.21052631578947367
0.20833333333333334
0.21484992101105846
0.21909233176838813
0.22118380062305298
0.20611916264090177
0.2016260162601626
0.2016260162601626
0.20833333333333334
0.25036390101892286
0.21269841269841272
0.21484992101105846
0.21909233176838813
0.20833333333333334
0.20388349514563106
0.21052631578947367
0.22325581395348837
0.22530864197530867
0.21909233176838813
0.22118380062305298
0.2273425499231951
0.21052631578947367
0.20833333333333334
0.1923714759535655
0.21052631578947367
0.20833333333333334
0.21052631578947367
0.22118380062305298
0.21698113207547168
0.19471947194719474
0.20611916264090177
0.22325581395348837
0.20611916264090177
0.2293577981651376
0.21052631578947367
0.19704433497536947
0.21269841269841272
0.20833333333333334
0.21698113207547168
0.21909233176838813
0.21484992101105846
0.2313546423135464
0.21909233176838813
0.2313546423135464
0.21269841269841272
0.21484992101105846
0.22530864197530867
0.23723723723723722
0.22118380062305298
0.20833333333333334
0.21909233176838813
0.19934640522875816
0.22118380062305298
0.22118380062305298
0.21484992101105846
0.21052631578947367
0.2352941176470588
0.19934640522875816
0.2273425499231951
0.2273425499231951
0.21698113207547168
0.20388349514563106
0.21698113207547168
0.22118380062305298
0.20388349514563106
0.22118380062305298
0.1851851851851852
0.22118380062305298
0.19934640522875816
0.23333333333333336
0.21698113207547168
0.21052631578947367
0.2313546423135464
0.21484992101105846
0.23916292974588937
