0.7271537842190017
0.8092287916383502
0.7011216486003297
0.7105503192459715
0.7393040293040293
0.7210643240520275
0.7716920760399022
0.8151623364258742
0.7519130257466969
0.728745379430311
0.7126973815498405
0.6936487308018536
0.6618661658118423
0.7707977207977209
0.7295438040536079
0.7461685823754789
0.7243957572596069
0.6878205128205127
0.781517094017094
0.7508518589627974
0.6911773176423854
0.7505677038881169
0.7628596149686352
0.7314583077740973
0.7791677956996915
0.7256426948070488
0.7924556232925566
0.7777345158266639
0.7312942788080249
0.7443509813623619
0.7610301755003386
0.7893227855687401
0.6892359357769432
0.7346360341209496
0.6573420034850611
0.7468920025037317
0.6977682811016145
0.7699769366436033
0.720055206954938
0.720942299709423
0.6572384304424478
0.7857536402990948
0.7843151290259159
0.7190728272113799
0.7374190119480063
0.629421982670709
0.7867254273504273
0.6967305801376599
0.7159565580618213
0.7606920527124261
0.7647770609470069
0.7190994916485112
0.7771819376824434
0.7927633099444399
0.7498971616618676
0.7701204307920845
0.6867450498669241
0.8040032874678543
0.7647770609470069
0.80137615818367
0.7908700226466235
0.7826691340648648
0.7808303527046169
0.7598119722341492
0.7390117468017311
0.752441338191831
0.7466071099164623
0.8522487094418897
0.7804344105330978
0.7225833804409271
0.7553796123561677
0.7675812046672975
0.7390007268056049
0.6833866067293899
0.6980455326460481
0.7329691697862053
0.7650650003591181
0.7367585747276081
0.6830422348052508
0.7379194079741859
0.7156353085593127
0.7319437487245134
0.7605540858132597
0.756039009752438
0.7574990410433449
0.7776850514452825
0.7710484933486336
0.7927931800272225
0.7654717700376965
0.7018181818181818
0.7445730471516129
0.7712157031305967
0.7693631520686316
0.7204421616186322
0.7415570232461386
0.7590263384820201
0.7158180477287156
0.7870652585288666
0.7563053544935485
0.7300153726092674
0.7766749379652605
0.8066903645699174
0.7447065940713853
0.7171524516022337
0.6779869141336924
0.7817729250334672
0.6870967741935484
0.7340136054421769
0.7219546457957055
0.723007707647615
0.7344938200201359
0.7388228193544636
0.6427412617565419
0.755368871271498
0.7594453043165581
0.7470899470899471
0.6912824646143676
0.6970236536615171
0.708148714031067
0.7613958357311587
0.790428916889398
0.7257238919472963
0.6920296542389566
0.7400333718393016
0.7766764317498364
0.8043627301939322
0.772965879265092
0.8027839488285736
0.7526363308053449
0.7413726253956741
0.7715881642512077
0.7381082638085883
0.7847724302395808
0.8055686993552965
0.7587167023986819
0.7475626361655773
0.7606202002527462
0.7100009855345429
0.7412587412587412
0.6868371212121213
0.7316082859950898
0.7486633249791144
0.7231930343575609
0.7090219436306513
0.7312865584785673
0.7534146195990218
0.8070833497848146
0.746164021164021
0.7787878787878788
0.8080136238030975
