0.7297432821034403
0.7574303877130091
0.7501341921631778
0.7475778239912302
0.7738040161704284
0.7164483300571387
0.7570987535637967
0.8476411947093685
0.7711423367161073
0.7570926657883179
0.7540384286146997
0.7222803502823942
0.7009958071278826
0.7764024686221482
0.6950022256631248
0.750481298129813
0.7423730172395729
0.7085651936715767
0.7628128614388157
0.7530464770539349
0.761296062754317
0.7543935309973046
0.742664062087535
0.7796004556009856
0.8043603887575518
0.7533577533577533
0.8210712052175467
0.7632101086048454
0.7286179571858766
0.7289923195661131
0.7947717856272428
0.8045469812813497
0.6761557447122745
0.75903342366757
0.7422348975887996
0.7585294235456151
0.7455997281685356
0.7158447476850066
0.7060620030550696
0.801470588235294
0.7226354143189843
0.7780017921146953
0.7967829013605349
0.7727249648041727
0.709855657220316
0.6923187103662903
0.7979024433422707
0.755846841212695
0.741095430107527
0.7840473702542669
0.7863557419409498
0.833760906455018
0.7490644328148096
0.7713607000755265
0.7631382828360702
0.8027194502882193
0.7059325431221287
0.8050490783541631
0.7950144548082693
0.798033862066973
0.7997835497835498
0.7762788854338151
0.7799459990181639
0.7956436671994555
0.7663011070493377
0.7722473604826546
0.7563369963369965
0.7961392308861529
0.8123972169512967
0.7927798016595831
0.8156963427219411
0.7459925611401862
0.7704467663484057
0.6956448246465002
0.7923514768987211
0.7543293708229127
0.7558550207961973
0.7691538021726702
0.7028433478939305
0.7244202898550726
0.7439117839454257
0.697187261262926
0.7599944858009375
0.787386124976134
0.8160737812911726
0.8123078612209046
0.7667466240227435
0.7563507414571244
0.7953671884943363
0.7272960014895499
0.7284265362240738
0.7761797541983301
0.7343187230608751
0.6829885659422188
0.7561079271605587
0.724931682560928
0.7746926371045725
0.8025872081380913
0.7799209197235513
0.806046758522006
0.8100324689015391
0.7476543209876544
0.7694470477975632
0.7894350696991929
0.7429660160827577
0.7865430725497466
0.7375194159676918
0.7643154329946783
0.7903211092866266
0.6824659320027289
0.7518616878587907
0.7049702763988478
0.7290780141843972
0.8302631578947368
0.7506400682739492
0.7786513453444934
0.7156028204519441
0.7128764672624323
0.7329610312066452
0.7288618054691925
0.7956446588055032
0.7143801965230536
0.7648107448107448
0.7548481866541166
0.7540549130152413
0.7924377009931006
0.7571285089287235
0.8237139702949171
0.7821707659183285
0.7324949937209381
0.799228012131238
0.7664937887035222
0.7641719761719762
0.7523540061231647
0.767703952901598
0.7624028399118465
0.8015144895878841
0.7511215850571702
0.7824510975628205
0.7196536796536797
0.7760797342192691
0.7375614552605704
0.7726842673883173
0.7247121271843384
0.7633411633957213
0.7566805053345833
0.771038120354831
0.7829695187009693
0.7660710035074437
0.8313776866408445
