0.7460739226707546
0.763095238095238
0.7925032118296094
0.7174278401919149
0.7425574712643678
0.7149454789904229
0.7693523792737867
0.8006658401065344
0.7705707074628535
0.780035746639571
0.7485908673304696
0.7353879781420765
0.735034965034965
0.8020920064389135
0.7111587690631808
0.7758987774554497
0.7500987916504255
0.7570547868958938
0.7978178214237389
0.7811740080647643
0.761136613374437
0.7731694828469022
0.7973989405698396
0.7988136241867584
0.7895816834732415
0.7895622895622897
0.8268925268001995
0.7767179668802388
0.7150708353688323
0.7757427757427756
0.7683034899783667
0.819308176100629
0.6764488741232927
0.8108478647586027
0.675760582010582
0.7497319987473201
0.7626042151046731
0.73307200783232
0.7249213870035999
0.7736551030668678
0.7094036880133138
0.8002480741611177
0.7844258915687486
0.7754489643802621
0.7553711745244004
0.7125591615956727
0.8074281422945783
0.7722109043510758
0.7226914876168608
0.8154748102069828
0.7592766219834614
0.7790344521989586
0.7406476126616938
0.8181906975835597
0.7456122256962537
0.7993463390398835
0.7343213200135486
0.8060451223707283
0.8048562343208573
0.7963174845325875
0.8109606705351387
0.7617065784047866
0.7720524207593172
0.7571503979418743
0.7291139462377606
0.8190308254963429
0.759076990376203
0.8648045381674683
0.7974142433158827
0.7359244148981321
0.7492417917174311
0.7433068081343942
0.7659834926190768
0.7471232471232471
0.7751292635013566
0.7207515238577832
0.7613902756523364
0.7590277777777779
0.7323899122460275
0.761652764587648
0.7590798670938045
0.7048322650793946
0.7583271905253329
0.7832311668628803
0.8303535791458496
0.8118071184462782
0.7759799077733861
0.805138768727942
0.7781322298176231
0.6855836028266857
0.7871670013386881
0.8258872930613587
0.7966524216524217
0.6816873156342181
0.7616847894013249
0.7532317063078272
0.686157903469475
0.827218486792955
0.7814303217686431
0.752885400822489
0.8103655603655603
0.7683166349512041
0.8084061882688885
0.7930885206747275
0.7317612942612942
0.8069585667842567
0.7929911771973431
0.7404546129846977
0.8124299518154482
0.7195683872849227
0.7814600314600315
0.746947496947497
0.7081168509357626
0.7611461921163413
0.7565536048228966
0.7552393000210839
0.6910956326299106
0.7118848055018269
0.6899608328179757
0.7688732078853047
0.7527249960265506
0.7465572252806295
0.7425627566766301
0.7568188576217123
0.8021953405017922
0.8153899240855762
0.7906596632379047
0.7934391451245384
0.8437100796264779
0.7639563434245318
0.7600595409584173
0.7486231278581889
0.7623459630822724
0.7726848710990502
0.7875222927294597
0.7525342874180083
0.7163796390271671
0.7754985754985754
0.7982419394328911
0.6961170142988324
0.7963458086151435
0.7837186644526094
0.7501275672917463
0.7696958445148309
0.7429856792915017
0.7978819880442599
0.7993129432624113
0.7934195040578019
0.8153081129338243
0.812674835330813
