0.7431088377379936
0.7903622180054818
0.7868686868686869
0.7447087101183762
0.7522139257115081
0.7753254102999434
0.7913202981696132
0.8863389600598476
0.7812827866612552
0.7869265739082518
0.7704736094979997
0.7470085656768632
0.7673221758993035
0.7986905669972031
0.7536969203635872
0.7417960342779167
0.7137321721570112
0.7381193612196651
0.7932593540330427
0.7697216663782013
0.7403722130090289
0.8272288864655278
0.7475059564572276
0.8253400613649061
0.8047825190682335
0.732812224584932
0.7940878947959987
0.7649573117537769
0.7430165697895551
0.7792917465048612
0.7920605171664494
0.7967023627400985
0.7171957671957672
0.7511179910560716
0.7182256235827665
0.7637632818318175
0.772467818269345
0.7458603050932157
0.7326216412490923
0.8167474495956911
0.710354071340451
0.803094571161798
0.8126510764283975
0.795922420641774
0.7302074951844536
0.7062124279179228
0.8416430386100638
0.7614181517407325
0.7493897994275164
0.7751551418439716
0.7775300591517714
0.809146242228949
0.8122231567143258
0.8359292942868949
0.7648101326783694
0.7961086115715527
0.7602154000286246
0.8207500102236943
0.7826533047005487
0.8137299684062275
0.785926724137931
0.7590924257590924
0.7967110058808378
0.8077480933888551
0.7357142857142858
0.7852219747460524
0.7686718739350318
0.8371657754010696
0.813029702970297
0.7762926619422169
0.7975390156062425
0.7609412730388706
0.7450759216648195
0.7764713374637227
0.7810552649949379
0.7277869033889025
0.7595078972643804
0.7479353979353979
0.7602740651126535
0.7384000589840006
0.7034870022775466
0.7252350405593457
0.7842650103519668
0.8034411345183234
0.8207999261015181
0.8562633411976183
0.7539411206077872
0.7675990675990677
0.8004321991046658
0.7646559499177675
0.7725963608957795
0.8306554103122731
0.7476701011788731
0.7306026957189747
0.7388220189375702
0.7738849487785657
0.7459203949524746
0.8430467055166648
0.7780557677616501
0.7480116334283001
0.7850912924309509
0.8354308390022677
0.8021000899905347
0.7440628288356166
0.7126829244362028
0.7611024595229267
0.7382473664571313
0.8013051490123657
0.8338867603235419
0.7198982188295165
0.7915793777862744
0.7618884002199011
0.7347758649983285
0.780688250742236
0.7611888111888113
0.7907459320970593
0.6564024390243902
0.7171123375975128
0.7517835219536151
0.8211779738497297
0.7839781746031745
0.7715099584103765
0.7023035421064979
0.7436365093999279
0.7771076552324163
0.7865799308224073
0.7916505997728054
0.8440686047653106
0.8014787854941307
0.7926418142196806
0.7348290598290598
0.7472839377570102
0.7602636534839925
0.8016028695273979
0.7678340943125006
0.806205368135927
0.7663340783700737
0.7282706093189963
0.8235174884791253
0.7171490708785718
0.7729029424681598
0.7976453028294967
0.7889673862027026
0.7384324950380882
0.7775494672754947
0.7525437525437525
0.8194057826520439
0.8520036041162803
0.8089540409701049
0.7957727716763862
