0.7411764705882353
0.7849264316714301
0.7682346745136722
0.7158413976595795
0.7603427989951346
0.7126228269085413
0.7411102898907779
0.7519344040188094
0.7464466691385491
0.7801207310014059
0.7054123292127521
0.6945182374024879
0.7077954705328837
0.7670409771473601
0.740537456088732
0.7387878787878788
0.7244474040458848
0.725513650436251
0.722781267118405
0.7691334598355472
0.7770794739851343
0.8065487473327341
0.8172301488833748
0.7731725985457328
0.830967741935484
0.756030110379274
0.7920032101066582
0.7767255088430106
0.7213629607517552
0.7653259234215893
0.814050764050764
0.8112724357901748
0.6751315884346384
0.748430749164425
0.7056109101126928
0.7254428341384861
0.7406120760959469
0.7517358458534931
0.7124183006535948
0.7532156922400826
0.7378562043196188
0.7162600672452889
0.7682520919525927
0.7452089704383283
0.7334663704191353
0.6815218454562717
0.798338283186768
0.7577421815408085
0.7362199288110629
0.7201196410767695
0.7510041195750695
0.7364241275248302
0.7908118271518662
0.7887529731566428
0.7617023060796645
0.7729613966601606
0.7091571350762527
0.8158876453807329
0.7956396999417192
0.781379007465964
0.745843427773147
0.7987431640518826
0.7708705903287513
0.7660978262807824
0.7066618927459137
0.771974043715847
0.7561577554998609
0.8426676676676678
0.7953546767106089
0.7563950847010368
0.7667157035578089
0.7283251231527094
0.7696045733512281
0.6871896322015422
0.7086433587330045
0.7162724956203217
0.7193306690096556
0.7400328706248854
0.7319097626543609
0.7616050536055874
0.6825482198616526
0.701634051786872
0.7539416290832612
0.796181596181596
0.7757246376811594
0.8340564676427134
0.7505540780141845
0.7880174291938998
0.72910927456382
0.6881329901523054
0.7632616487455198
0.789786424172033
0.7232472093258742
0.652693509836367
0.7198223329182234
0.72644412191582
0.6986461251167134
0.8428567288547036
0.7483505363286783
0.7559080253895617
0.7844426671406145
0.7550961615132739
0.7493506780823432
0.7774023545412044
0.682341633901267
0.7110919043503312
0.6952966055249447
0.7470719810278384
0.7349976121608592
0.7052395839193341
0.7567104643895964
0.7241727199354319
0.6999975929383689
0.7878715657067197
0.7233751625202695
0.7377294922991169
0.6716826265389876
0.6516604307546788
0.7197205462051445
0.776598969925241
0.7473378170099482
0.6934682820377756
0.7388111888111887
0.7214501708362749
0.7664245359160614
0.7978363242968055
0.71906853177185
0.780208154629153
0.7226614583777545
0.7412177946447396
0.772764702359564
0.7178693653500795
0.7415587856764327
0.6991962665283898
0.7475935925723584
0.7896164339592362
0.7647907647907649
0.7078162393162392
0.7464190761987494
0.67953216374269
0.7951011880093936
0.7793622338113863
0.7635814948807075
0.6900869920231142
0.7665921976197865
0.7250536521548229
0.7672219709533143
0.7205882352941176
0.7598230549050221
0.7903479236812571
