0.7301035196687371
0.8286210694046665
0.767226657134914
0.7484359702762129
0.7644206016475433
0.7655502392344496
0.7429117350551677
0.8140342930426897
0.8028691355400882
0.7440279942043247
0.7835263201116859
0.7210274790919953
0.7341221270229839
0.8030303030303031
0.7104589092639766
0.7539470560303894
0.7528134060641801
0.6836111111111111
0.7748494226481649
0.8018530741963086
0.774991674991675
0.7871794871794872
0.7822485632183908
0.800134435044921
0.8160910470124612
0.7461281446540879
0.7973669755068648
0.8300951383433709
0.7144323490573367
0.76068811362929
0.7838741396263521
0.7906468563589373
0.7035878181059658
0.7876712328767123
0.6881648219541517
0.7781913081285365
0.7818181818181819
0.7288704665569288
0.7353086419753088
0.76998536998537
0.7337358000998102
0.7662903545256486
0.7828238577362409
0.7642135642135642
0.7111635277753052
0.7135165992460704
0.8178808668838632
0.7324288675334464
0.7588768244505949
0.750158629869937
0.7760303042871165
0.8298801578271034
0.7713631791503645
0.8372343511546659
0.7624293938245539
0.8158205451342609
0.7196970939610159
0.8145084245266632
0.7870304090776532
0.8258114293402304
0.8194116265251695
0.7712905452035886
0.8108001418813003
0.7696066371439506
0.7409107688177455
0.7759048105701146
0.7978169706345106
0.7940735706693154
0.7945397004596854
0.7452503256568437
0.8059885568976478
0.7636842519717675
0.7501705369135526
0.7408591408591408
0.7271062271062272
0.7327388757758545
0.7092857385291964
0.793939393939394
0.7703582171178561
0.780468656358624
0.6816452432066842
0.7023391812865496
0.8167055804463516
0.8103109012199922
0.7900442655299269
0.8614953886693018
0.7232014017728302
0.7946169208424111
0.7816800011054457
0.7284289784289785
0.7533168201545464
0.7980313337456195
0.7483797163323579
0.7262194731646842
0.7531542531542531
0.7457855309340458
0.7083219242592841
0.8149925703731477
0.8430852110852111
0.7630228412718153
0.7987236131566028
0.8071997278611356
0.7564873348419593
0.7409494001043297
0.729967349258544
0.751082116599358
0.7642157757100286
0.7653421002477607
0.8231741990607239
0.7070240156136233
0.80471323568861
0.7528033794162825
0.7244607244607244
0.7864192155037363
0.7787923681529034
0.7836998101579736
0.664377401684245
0.706078431372549
0.6960534833366815
0.7490009364028096
0.771832116605203
0.7138405163719491
0.7395230847285642
0.7508798391151332
0.7377439289386375
0.8031587814783964
0.7762953615747611
0.8357455107205854
0.7435904576255453
0.757203489417002
0.7998380937296518
0.765637848802149
0.7910542679479932
0.7526128868594623
0.7551349616567009
0.7788930746946013
0.8241426024955437
0.7488158981326088
0.7810457516339869
0.725
0.7909364314258642
0.752427388884857
0.8210006724127391
0.7349022071348322
0.7752913752913754
0.7618916718372434
0.7427038460595016
0.846887940826603
0.7893582856420446
0.8020390056959865
