0.7229822732012513
0.7826617826617825
0.7804535493322678
0.701156885518435
0.7520339247851803
0.7576850574900239
0.7570540411286467
0.8008742466735396
0.7615715544498004
0.7838636597672742
0.715674303909598
0.7410844221051557
0.7347450980392156
0.7761683885023544
0.7173386066734905
0.7270674889292233
0.70890454646592
0.7035199601237337
0.7838283828382838
0.7099428149787862
0.7719430824824194
0.7921293800539083
0.7829306292318973
0.8028522629730213
0.7924862661704767
0.7727249648041727
0.8259925991624514
0.7761510090173475
0.6909457265993769
0.7197681159420289
0.7599886331344132
0.7920388349514563
0.6709776109025171
0.7830900999575698
0.7338424334987911
0.7549625609327101
0.7309835045129164
0.7444204665153351
0.7619463322622534
0.7397592209186413
0.6911801119199722
0.7404187643913671
0.7674517880114683
0.7169312169312171
0.751801847793931
0.6683444376557756
0.8288084002369717
0.7649425287356322
0.729076034912036
0.7667847994072191
0.7752757486110489
0.7807085943731907
0.7891379395954038
0.7964852095934519
0.7808947145621673
0.776095947063689
0.717988591034911
0.832936507936508
0.8190942546914443
0.7870521913075104
0.7458548850574713
0.7737787621508553
0.7701288761486426
0.765894812884583
0.7409107688177455
0.7884862278244631
0.7420151560205083
0.8457009677255916
0.7752174902777452
0.7239585396448142
0.7609474832476235
0.7387734040984816
0.7495149911816578
0.6660130718954248
0.7619287634408604
0.7542325581395349
0.7227320827320828
0.7492705026181236
0.7351248191584326
0.7255903060036034
0.6970820767430936
0.6939989364168154
0.7629789261390426
0.812887024293742
0.765576887309099
0.8562633411976183
0.7755989347479191
0.8131114273436371
0.7694588350326055
0.7142424242424242
0.7889699549070274
0.8254489337822671
0.7636579084760279
0.7394663140485552
0.7693046772727706
0.7284607865253027
0.6829289884913412
0.8322466913989528
0.7415828685421162
0.7716063269869045
0.7865929155900085
0.7844074016374997
0.7599878340453182
0.7279933249895704
0.7148587322500366
0.751048951048951
0.6848591809034846
0.741984938798538
0.8075192668978318
0.6924290524290525
0.8220132358063393
0.7422806733248614
0.661736675731913
0.8084352642040006
0.7511684983668093
0.7813167771504291
0.7037336326225215
0.6782008115341448
0.7150124560545739
0.750158629869937
0.7776791353146034
0.709013209013209
0.7510267991568805
0.7403987088137862
0.7831501831501831
0.7691914601606786
0.7773624993963977
0.7844414911468193
0.7882241215574549
0.7607137291569268
0.788320312851981
0.7469767441860465
0.7169172753847302
0.748993440718546
0.7373588610702013
0.7583048412786216
0.7794902340356886
0.7354235872740732
0.7875291375291376
0.6802514089041604
0.770301950487622
0.8072407457606698
0.7554785554785554
0.6902630906768837
0.7754733923408622
0.7754836500599214
0.8022457202785072
0.7930168184683409
0.7617016317016317
0.7584345479082321
