0.7981791037758028
0.8167610939059041
0.8417121234458697
0.7774663138682943
0.8616651707935167
0.835369532428356
0.826493845713468
0.8464165464165464
0.8512583720026515
0.8369220151828848
0.8483392183164346
0.7736565890724106
0.8456543767584305
0.8463703441587375
0.796855105678635
0.8156565656565657
0.8110844657607249
0.8028872468527641
0.8268429694926972
0.8264753299078241
0.8192634135114442
0.8255128387005248
0.7907277907277906
0.8490919444483662
0.8185758082497213
0.798703231292517
0.8320543093270366
0.8379671378240081
0.834090909090909
0.8091685306043243
0.8520136959183523
0.832072072072072
0.7621464622688614
0.8174298096853213
0.7757255090588425
0.8260372399938095
0.8226152932035284
0.8168768390079867
0.8255599472990777
0.8390196078431372
0.7805487129358099
0.8338041974405611
0.8494549400680708
0.8459769677219878
0.8137027197975965
0.7420853036190834
0.8501312775822579
0.8018717642373557
0.7841483297733851
0.8038207557587403
0.8577207579125649
0.8291794300566231
0.8368607469085939
0.8182062298603651
0.8212188533224861
0.8681420765027322
0.7889366272824919
0.8592330374260232
0.8553317259080657
0.8495879511224779
0.8626401508474485
0.7854782504205718
0.8151026175560069
0.8550198062028581
0.822682314354533
0.8542779942671425
0.8344417202164426
0.8341675197522114
0.8619185918591858
0.8073565556403084
0.8429389788293897
0.8644934408092304
0.8631523397636628
0.7875169284430615
0.8359545537896542
0.811668006789958
0.840964590964591
0.8076532068202896
0.803433854281312
0.7934631693496943
0.8009076990376203
0.7646676852559205
0.8751780132342791
0.8455026455026454
0.8351867693185059
0.8763526463216865
0.8195155721471511
0.8161932143625507
0.8264918690450606
0.74333803033556
0.8387944782218678
0.8355385148955577
0.7915973304270184
0.781442381661113
0.8388177233206472
0.8611226132965263
0.7485368331779899
0.8527344001028213
0.7806201201876245
0.8030430592620833
0.8122823338878647
0.8537115631866596
0.8296166227685103
0.8115426378800819
0.7962303001504711
0.8266773876529975
0.8463869153524327
0.8212804733972902
0.8551509862502025
0.7504638218923932
0.8506954079860657
0.8465274823085237
0.7516539440203562
0.8548936373224033
0.8243431390377074
0.8255714320687432
0.7544967072757939
0.7888610414926204
0.7975663422471934
0.8160326670964969
0.8404360345536817
0.8244355563284352
0.839223359422035
0.7612740822353823
0.7706929183867895
0.8598628853450595
0.8555147058823529
0.8588161533136908
0.8599344555340385
0.828608652096845
0.8281862130549728
0.8354816805109202
0.8513720413326712
0.865333568926464
0.8269468695000609
0.8495073857590958
0.8462555962555962
0.782593437603465
0.8567387432635659
0.7981407413848071
0.8177767639479644
0.8322540025184386
0.8130012663571127
0.8316396396396396
0.8182611258473328
0.8581909336693179
0.886959811816682
0.8085283975224837
0.8126258639152951
0.8352329749103943
