0.8327705182792542
0.7788182530605329
0.7903643718679909
0.7862346542346543
0.8298419082732807
0.747383923726843
0.7733153422069527
0.8598083483845075
0.8109042331583517
0.7831534662520578
0.8102190738554375
0.7414804063860667
0.7857080610021786
0.8309660230792688
0.7355253414399217
0.8037167661421595
0.7987355520458351
0.7867736579966796
0.7857839682737086
0.7751133786848072
0.7856674524642512
0.7912046791705526
0.7749334676898432
0.7798703546367097
0.8235719168049994
0.7764069208201052
0.8052943855137684
0.8019398103240997
0.7701687870362569
0.816552731134267
0.8387009325525915
0.8298667031061396
0.7581570701421884
0.8166449228093065
0.7534630588802137
0.7852974809134631
0.801591615489722
0.8129489489489491
0.8021735103801971
0.815182405090662
0.7640157298172565
0.8601793819795783
0.8178313749742322
0.8063050579867146
0.8222657040003236
0.7517110143525237
0.8038863246345938
0.7798379629629629
0.7836318469558986
0.790591752022327
0.8157346662501301
0.8390225883902259
0.8350537634408601
0.8110935823815232
0.7894000057138427
0.8366751809280545
0.7538658474142346
0.8707606904328217
0.8160985633374777
0.8012822876920239
0.8431129369816294
0.7782937819448975
0.8252541757443718
0.7702020202020202
0.7616766564134986
0.8277096366353054
0.8048195450501968
0.8209925340360122
0.8447128851540616
0.7503903436752801
0.8009127647714603
0.7951623704909853
0.7959186459186459
0.7715321978249817
0.8176343234605946
0.7620109359239794
0.8051408126961284
0.8238978268829015
0.7722294264147093
0.8067879030109246
0.7516613401641584
0.7122883712012271
0.8309203184911107
0.860312583814888
0.8066202090592336
0.8862963435193448
0.8109653757134027
0.7946139859452552
0.8263796671165092
0.7957886206125643
0.8506086030302797
0.8177573216243816
0.8113113834815349
0.7520082256924363
0.7628591863351423
0.7975768321513003
0.7834897590209363
0.8660767521155875
0.7885189789872756
0.8260462022254474
0.8156210714350248
0.8144287029611809
0.8017332691381801
0.7604590505998955
0.8149882962298919
0.8012544802867384
0.773201761214168
0.7861731058254477
0.8799659874274953
0.733469427432682
0.8109716910014972
0.7637383235004916
0.7781860867305563
0.8217272521468119
0.8165821106997578
0.8111827283808332
0.7676618032173588
0.7922706949004036
0.7802222498824439
0.7898606366343394
0.8033704966171383
0.7737528344671203
0.7659079495129352
0.8135353535353537
0.75989417989418
0.8640465078195364
0.8133519929508112
0.8431486189708121
0.7985685846999715
0.786680189317106
0.8358277511961721
0.8058852258852259
0.811034013605442
0.814640522875817
0.8121021862460219
0.8422261452593663
0.8421900023610198
0.7957712320310434
0.8975674480318444
0.8349801414317545
0.7669712474257467
0.8311320754716981
0.8434623729587759
0.77885332639431
0.8090465631929047
0.7462294263449776
0.8408321661998133
0.792917969112264
0.8365689284076073
0.8733326121861152
