0.7406274058842447
0.8053056347987223
0.7432041642567958
0.7418734422903018
0.7429898403483309
0.6933198380566802
0.7053952499486892
0.7751818294931395
0.7253346010385431
0.7246847056767542
0.7016456301158321
0.7483244284989117
0.7013275757506471
0.7610639501980758
0.6866666666666665
0.7356919755638235
0.7567323225586531
0.7033769810903511
0.7728262174983486
0.7695142041907616
0.7492460748274702
0.7748299319727892
0.731466056192998
0.7475835404584371
0.7538376127689105
0.7267048554282596
0.7868882437652868
0.807628263735134
0.6773427074178954
0.7631746031746033
0.7709425650602121
0.8097146722717499
0.7037858608535039
0.742904801044336
0.6964572816519738
0.7517825311942959
0.6746022040139686
0.7420758989672763
0.689727463312369
0.6979431845103488
0.701058201058201
0.6938708032880393
0.744454347395524
0.6838624338624338
0.7067340067340068
0.6329882677708765
0.8245209608539192
0.7143761774344198
0.7782736683034669
0.7708764001730687
0.7872720296384418
0.7640223823468656
0.7597560808870781
0.7999475272202545
0.792519231464691
0.7125512003560784
0.7378679774083836
0.8253952293167979
0.768707956701261
0.7685085168259244
0.7643797136995908
0.7645177411294354
0.7313662012673693
0.732764073371284
0.6962809517356204
0.759407256004088
0.732521551724138
0.865652583393565
0.7733186915576852
0.737970127177154
0.7345003779289493
0.7249215076898556
0.7126362694544514
0.6985794317727091
0.6942589607797989
0.7208482676224612
0.7438506576437609
0.743794475829222
0.717402345553606
0.777989197427105
0.6750920373849169
0.7284642853590363
0.7399389721794094
0.7976041847605813
0.7850601907316571
0.8052747252747253
0.7514006137582316
0.6737163078009928
0.7230077076476148
0.7012076722708974
0.7554628292230604
0.778320610687023
0.7550718452126902
0.6619436100610897
0.7009749751710054
0.7429038281979459
0.7181806135294507
0.7942339397184607
0.8008991060025542
0.7405663729896773
0.7606887680706578
0.7980246913580248
0.7552857475528576
0.690905208798848
0.6541858678955453
0.74083751393534
0.7067407193943045
0.8178575048140265
0.7810086324398001
0.705815582209592
0.7263229119900992
0.7204481792717087
0.6653873417435533
0.7141080312722105
0.7397510360742978
0.7578682755153343
0.6771605123436423
0.7001633986928105
0.7427949216940043
0.7768951652446798
0.7582721883679477
0.7091100820991842
0.694913081791236
0.755002853677677
0.7417592218448424
0.7802468503679431
0.7280232937339856
0.7390439108803807
0.7317290552584671
0.754906082410327
0.7715658343109323
0.6879339899474127
0.7478238607270865
0.7691443546193972
0.7248605047166198
0.756398057290118
0.7726279185295578
0.7498184458968772
0.7815877332414093
0.6662645602725316
0.7180014230373942
0.7284959192853929
0.7392356546252511
0.7395284552845528
0.7545954129011263
0.7758396885403362
0.7471754731647354
0.7473342461206539
0.755819159346907
0.7884189565909995
