0.7473550801666703
0.8474502776487246
0.7604597078281289
0.6925387596899224
0.7803731762065097
0.7608807006408437
0.7723561378129588
0.8223398592299048
0.7437895465559018
0.7364827100191976
0.6889331046312179
0.7501443237845598
0.7772431696095818
0.7832611832611832
0.7020855102751655
0.7635043299993564
0.7338444149589661
0.7171944340757331
0.7807176743159753
0.8027152885960596
0.7491507752329062
0.7888633040491553
0.7461501692375268
0.7939107965397146
0.7896103896103895
0.7850411223996129
0.8360591260535998
0.7610345138325675
0.7261446391232244
0.7595767195767196
0.7646447987294608
0.7971516774457581
0.6476746242263484
0.768904902891831
0.6833974784339748
0.7646003146003147
0.7511057054400708
0.7627479438800194
0.7394685990338165
0.7425062243022337
0.6599944734206072
0.7446120188055673
0.8233606373383289
0.724121915820029
0.7038009801523187
0.7220384404613925
0.8518891742566566
0.7528410397975615
0.770583204499852
0.7625284585509576
0.7902873516611252
0.7982572588955569
0.8036737436407585
0.8239819560289864
0.7903808729496801
0.7638885551417092
0.7348478792773473
0.8212359818659031
0.802427351070703
0.8223542187397609
0.7742049121422633
0.781986531986532
0.7645519746360082
0.748649538229201
0.7320855614973261
0.763155379416023
0.7539264350260915
0.8281661312360414
0.7893738140417458
0.7447342741225188
0.7887775737634669
0.7384447796212502
0.7045411720369322
0.7285956181291526
0.716261855193153
0.7324060802321672
0.8069907775289556
0.7595959595959595
0.7175694188852084
0.7001345668629101
0.7130474117792397
0.6909567469567469
0.7644552319309601
0.7995127196335452
0.814364972259709
0.8518081252425928
0.7816531214592454
0.7794410607313833
0.7767676767676769
0.7279077181694346
0.7545423643910119
0.784821730110484
0.7875222927294595
0.701528612704441
0.773154275228762
0.7103286384976526
0.7707680316818335
0.7928761490082245
0.8126066089872929
0.7545428156748911
0.7770390436945226
0.7648555900366157
0.7805292329697836
0.726473429951691
0.7414778325123154
0.7678165584415585
0.7816496369127949
0.766954973781467
0.813960113960114
0.7429299378118275
0.7618259485190965
0.7145425072624262
0.7478114478114478
0.8046283185278785
0.781528017300375
0.7998384453829998
0.6889753118428255
0.727826504466217
0.7358810740105705
0.768746863264282
0.7791677956996915
0.718748780392616
0.6940853897375637
0.7607843137254902
0.7420149105299617
0.7392095846299327
0.8146484310006322
0.8397753100850704
0.8195735500011475
0.7896354852876591
0.787195190983825
0.7934742064232161
0.7476584022038567
0.7571326883407421
0.7861101154204603
0.7624338624338626
0.8004040404040405
0.7567963752665245
0.7639324374766705
0.6623373213400267
0.758946688802804
0.7715367965367964
0.8226792447973642
0.7504173441734417
0.7754733923408622
0.7695767195767197
0.8013853974638289
0.8165531110764377
0.7561807331628304
0.7980057483260811
