0.7298361768950005
0.801074604743083
0.7739941218202088
0.7267872523686477
0.7482330683759478
0.7090454007592454
0.7659358596991416
0.8307573348624252
0.7228059423877604
0.7629639197451134
0.6924570838765755
0.709912291241139
0.7190981323722149
0.7804034221915686
0.7296797101223248
0.7644299538912729
0.6971290685396868
0.7731251055543965
0.7914285714285715
0.7548664785506891
0.7382250174703006
0.7671042659821538
0.7792822418432838
0.7655738907224056
0.8125081907798707
0.7242037738896677
0.7550901063342463
0.7646445981380778
0.7030741188635926
0.7761127761127762
0.7596807450597369
0.7627242627242626
0.6797572930666456
0.7830894308943089
0.6852055697556546
0.7692682872385544
0.7476001830016429
0.7315055315055314
0.733450509390359
0.714347266781358
0.7442325241750886
0.7648068149703259
0.7886706397526946
0.7774337805297558
0.728716127820011
0.7048507048507049
0.8700510594145916
0.7404330518587342
0.7256373256373255
0.7728937728937728
0.7897693512666776
0.7789131266743207
0.7568533590283306
0.7725012578802497
0.7532292269134375
0.7889894086496029
0.6967723004694836
0.7910005668934241
0.7906341136493342
0.7696563836885278
0.7912885662431942
0.7629059829059829
0.7625948930296756
0.7739130434782608
0.7141472868217053
0.7369470846928644
0.7311149452288185
0.829628404986441
0.837157460104899
0.7166965352449223
0.8096533096533096
0.7373199992247611
0.7195794738741123
0.7224736972018536
0.7583172073560642
0.7308549150654414
0.7170358014394712
0.7337450300682918
0.7273445287938043
0.7575754733205134
0.6903656655950234
0.7282149109287488
0.7636659636659636
0.8034341566964921
0.8015757846365649
0.8232323232323234
0.7557115309627208
0.773532016997993
0.7805341551104262
0.7052182165576234
0.7662896052069184
0.8158742598397771
0.7502044738886845
0.7131520792874841
0.7109864748819236
0.7509434154803817
0.7232663021653849
0.80810042515551
0.7826384791204618
0.7768291258674633
0.7921097844761967
0.8158742598397771
0.8054519071310114
0.7341756373715246
0.7402168788307403
0.751183970856102
0.7492230906865053
0.7490591912233703
0.7763165989910177
0.7038461538461539
0.7844896621534119
0.8068941730469931
0.6579660182221129
0.7920439344101279
0.7240638730408552
0.7707847707847707
0.6869658119658119
0.6851695337288884
0.7253808899202906
0.7668208413998311
0.7774813377529846
0.7427338052338053
0.7569755174797191
0.7384559292680705
0.794875482696206
0.7672563762347044
0.7748415300546448
0.8031232657368741
0.7767745432861712
0.7547758284600389
0.765420817699573
0.7496197741398513
0.7438377585400847
0.7399353995098675
0.738952491565732
0.7722477703455963
0.7278187697843365
0.7533873147309555
0.7545137353186888
0.6995526766927064
0.7567882056563047
0.7636918382913805
0.7800581905909691
0.7240996089730398
0.7645398017483295
0.7768981546952111
0.7947845804988662
0.7624965479149406
0.7817260042703212
0.7963744335052353
