0.7214271593477907
0.790318421092553
0.7720763187429854
0.771847200418629
0.7750683481788517
0.7560331825037707
0.7586885336885337
0.8317111271329006
0.8122222222222222
0.7651277584204413
0.8095296343819743
0.7078089569160998
0.8364643511589196
0.7961371961371961
0.7924387513990797
0.790673371572248
0.7580713824688612
0.7282732142772711
0.7683975215997471
0.7781995245763361
0.7811165731957811
0.8068120159818478
0.7895066974747907
0.8354376120333568
0.8272732614350806
0.7632110579479
0.8455358061718048
0.7986242307141835
0.7480392156862745
0.7377819945182376
0.7772470746608677
0.7978142601280137
0.7065102369450197
0.7977567029621824
0.719656886323553
0.7359663289776343
0.7847535180868515
0.8315876436781608
0.7507225536601302
0.8379977122832791
0.7305808640455279
0.7661636096277378
0.7901388330878086
0.8176727086183311
0.7555227471566055
0.7090953622342336
0.8398984391350804
0.7264650094838774
0.7523953728583398
0.770447905912378
0.7658402203856749
0.8541269841269842
0.8134321751447735
0.8166932482721956
0.7878926671293084
0.8340049149079415
0.6974040422100497
0.8203192156680528
0.8028640101201772
0.8317111271329009
0.8023360540388405
0.8064566482191003
0.8171681128862217
0.773764579734729
0.7546743316403416
0.7984987343981844
0.7540225206891873
0.8528020579048219
0.8101296444404947
0.7644112769485906
0.8184926184926185
0.7614954342953887
0.7765157429091856
0.7631350800025499
0.8072017977200979
0.7408276154357659
0.7266783282101795
0.8125104427736006
0.7304041870079606
0.7183347749385485
0.7491197544551204
0.6941081517352704
0.7977799933532735
0.7698916297701875
0.8019100177384387
0.8282596697884674
0.7930986786647285
0.783906963400805
0.7967483885223432
0.7640211640211639
0.7453102453102454
0.840424088651039
0.7375545408422122
0.7229854904924933
0.7805123146895298
0.7463553979511427
0.683325073876255
0.8664749826040148
0.7650015844208222
0.7923435141129516
0.8181202887894151
0.7730076210706766
0.8063340494947081
0.7702508960573476
0.7287654551102828
0.7812516263335935
0.7966753850624818
0.7985848103100412
0.8320862278739353
0.7397366452058048
0.7974428351636691
0.7549843189964157
0.7571265257956264
0.7859121756148809
0.7976385424802022
0.8142263459555897
0.7002135961040069
0.7660193655379018
0.7254422155830605
0.7306927681694386
0.8070157838416265
0.8057217328497183
0.7736035792151692
0.7619431002720027
0.7508267195767196
0.8138184933067242
0.7709414305158986
0.787900526064084
0.7368683565161854
0.7842530271909104
0.7900550159256627
0.8130158655115219
0.7500313133383436
0.7441876734811185
0.7617578189006761
0.8292291649955884
0.7817810652456321
0.7675647881530234
0.8380102421023138
0.7262984512706426
0.7942093254924645
0.7838997380887142
0.7774337805297558
0.7538194444444444
0.8000951765865597
0.8068770063531718
0.7833658022348725
0.7448156159042965
0.7598142814905663
0.829646697388633
