0.7424437699244377
0.8235564757303888
0.8000379299717896
0.7513544826423998
0.7855906432748538
0.757085291969013
0.7775061399661404
0.8619765205660324
0.8287972836755265
0.7808360058999445
0.7248255234297108
0.7180679940874706
0.7347117776328819
0.8049278826998166
0.7526455026455027
0.7898209556384638
0.7826302238066946
0.728190254120814
0.7835478795399627
0.8113888888888888
0.750384102750515
0.8011265550990126
0.7721983354054428
0.7905920519059205
0.8071783123329515
0.8106924179260031
0.8203428816483269
0.8113386915564774
0.7674721001535206
0.7754690585911784
0.7895734533665569
0.7858011678215684
0.7315120217668944
0.748972602739726
0.7357093088071348
0.7730798292399003
0.7460096708690633
0.759018759018759
0.8050890947292535
0.7938012132266578
0.7352174514105069
0.7896825396825397
0.8212596704963117
0.7932377853169932
0.7540707553279843
0.68494563488145
0.8439334557513635
0.7527085627285457
0.7519871667625259
0.7845581186963407
0.7938905833015631
0.7967829013605346
0.8018742691251258
0.8242886668149332
0.8003237231713435
0.8402369281045751
0.7357369326931787
0.8518081252425928
0.8048755269227709
0.8570021245213061
0.8004931271477663
0.7655083934153701
0.774914089347079
0.8050459367243255
0.7191435013520904
0.828086765376799
0.7905848012761769
0.8726403823178018
0.8345773242070974
0.7759523595774606
0.8351348456611615
0.790448343079922
0.7871827518886342
0.7524194614585357
0.7697825989911165
0.7791353666998523
0.7947962022254474
0.7445035392987885
0.8002441387792508
0.7381701222723146
0.7177472872388125
0.7060971394002248
0.8244991789819376
0.8285889194980104
0.8369021749636407
0.8737661282656227
0.7237696443341605
0.7685872312099344
0.8463547157570351
0.7328551912568306
0.752795900512436
0.8145650654466895
0.7500080567956702
0.723051409618574
0.7445959190947162
0.7232139019373062
0.7482762762762762
0.8567754043163879
0.8106971602200201
0.7512176875948758
0.8100700708552305
0.7926587301587302
0.7821244653923366
0.7728375245229179
0.7341439806412584
0.8164924506387922
0.769366696521869
0.7977014529751512
0.8154157246570147
0.7123476977328931
0.7994248907292386
0.7848682240191674
0.7481893625711228
0.8162280701754386
0.797142094017094
0.8244160749094959
0.6723902076014753
0.7755315147894959
0.7547468742960426
0.7494004828314194
0.7867032967032968
0.7610987516994191
0.7254901960784315
0.7703801491260237
0.7894850948509485
0.7856946640205411
0.8081637354639747
0.8019028795101345
0.7991161852475721
0.7828282828282829
0.7870302536969204
0.7841574554207633
0.7550952853832694
0.7930820739809503
0.7700044664330378
0.7945969465122692
0.7545223656248381
0.7441480044196513
0.8571825893477959
0.7098303911388024
0.760101335629933
0.8332577765378714
0.7956710380374501
0.7335811870100782
0.8019421860885275
0.7816178437667202
0.794129900429113
0.8445998445998445
0.784786994941812
0.8107920505968605
