0.34485294117647053
0.3777625882889041
0.27383727383727385
0.38581418581418575
0.1963468720821662
0.29906204906204903
0.46923076923076923
0.43397515408900617
0.3331206804891015
0.33158487434803224
0.37161943319838053
0.3242103914408354
0.3382839382839383
0.362849271940181
0.4612794612794613
0.512871743096516
0.348663967611336
0.4172771672771673
0.5115587141822601
0.22878787878787876
0.3464506172839507
0.3396214896214896
0.3132936507936508
0.34514069264069264
0.3079365079365079
0.3487367704759009
0.14632414369256472
0.3255360623781676
0.3149494949494949
0.4493010752688173
0.2830808080808081
0.435258358662614
0.2761609907120743
0.5696581196581196
0.27337858220211164
0.31851851851851853
0.49941391941391944
0.46389703486477685
0.33106162843004944
0.27064416146302006
0.30833333333333335
0.4331738437001595
0.37780797101449276
0.2490428925912797
0.253030303030303
0.27290060366983443
0.5716577540106952
0.45668859649122806
0.36074892849086393
0.2751803751803752
0.2114997350291468
0.4082788671023965
0.3626249612456509
0.330484268522546
0.2613050348344466
0.37220916568742657
0.3001881001881002
0.4923809523809523
0.13613721804511278
0.26136363636363635
0.4978741738929827
0.3184149184149184
0.32844932844932845
0.19297956945015768
0.4172280294231514
0.289275816637136
0.38518518518518513
0.4749206349206349
0.31623376623376626
0.3353835978835979
0.3831220061989293
0.3825998075998076
0.2680652680652681
0.3865800865800866
0.36787518037518036
0.4045991045991046
0.3230559420481901
0.3583928571428571
0.26878249955173034
0.3148841354723707
0.3785353535353535
0.385717641531595
0.44531830914183856
0.34026806526806525
0.28076923076923077
0.42989417989417983
0.4720168067226892
0.3621189268248092
0.3865800865800866
0.22595223204979303
0.25143487643487644
0.3331983805668016
0.34845281568325964
0.3761297182349814
0.3473663287616776
0.29026177074957565
0.15889953542392568
0.3561384975178079
0.3252747252747253
0.44444444444444453
0.32023239917976754
0.2599206349206349
0.27992916174734356
0.36732740943267256
0.22056123108754686
0.42142857142857143
0.3129072681704261
0.34423076923076923
0.2727550227550228
0.5072846693536348
0.21805944600062244
0.5347222222222222
0.36284271284271286
0.3315018315018315
0.29700854700854695
0.35245575229519177
0.29931863008786086
0.3069444444444444
0.4928048962531721
0.29924506387921024
0.30651897122485355
0.40737553045245356
0.4370358323846696
0.25348076241376494
0.32469583048530415
0.5844809094809095
0.3920663400926559
0.2613997113997114
0.36554232804232806
0.4101851851851852
0.4468336565395388
0.44776772247360486
0.3204481792717087
0.31503340074768643
0.25259315847551145
0.2939393939393939
0.4054435760318113
0.30272727272727273
0.31062271062271063
0.28488473416009646
0.45492142266335817
0.3785733643050716
0.4621600621600621
0.27824675324675324
0.3613050483351235
0.4719447219447219
0.41278368096549917
0.36161616161616167
0.28572503885003886
0.39961833038756117
