0.4681704260651629
0.3541125541125541
0.4653318903318903
0.5471669037458511
0.2677436235039921
0.5727272727272728
0.6138195138195138
0.4111111111111111
0.38712700554805823
0.5113636363636364
0.29404761904761906
0.37990469808651633
0.4570836570836571
0.44666666666666666
0.5773707773707774
0.592667748917749
0.4896525874387987
0.46451384872437507
0.578915934189768
0.2333333333333333
0.35152248437184913
0.39976110845676066
0.49380937990563667
0.3320175438596491
0.37908321722976895
0.48261183261183266
0.2536441678909918
0.5302571166207529
0.2225108225108225
0.5415621633268692
0.4065451145395044
0.4053691922112975
0.2640492223825557
0.6439814814814815
0.40688405797101446
0.39784069784069787
0.5163899613899614
0.5394675499938658
0.4683299156983368
0.4509480715363069
0.36995152747661114
0.6593885281385281
0.58547391306012
0.34579124579124576
0.24617471988795522
0.40264909382556446
0.659657177838996
0.4901234567901235
0.5541958041958042
0.4083269671504965
0.36345029239766086
0.47802197802197804
0.3020676293403566
0.3243145743145743
0.3807943690296632
0.43573938139155527
0.5112762237762237
0.44984604767213465
0.2109848484848485
0.3712962962962963
0.6207070707070707
0.3303703703703703
0.4360015124229171
0.5308000368072142
0.45955882352941174
0.44925925925925925
0.46514161220043576
0.5227022977022977
0.3769957983193277
0.37182539682539684
0.4654012654012654
0.4535020535020535
0.40615243342516066
0.45391006842619747
0.5162403386087596
0.42876866723020574
0.37142857142857144
0.5394984326018808
0.2867609922756982
0.3678696741854636
0.500359256128487
0.33542380324989024
0.5747790881886992
0.4822869147659064
0.4080284043441938
0.5297619047619047
0.5114346227249453
0.46439909297052157
0.501569264069264
0.3211788211788212
0.4709040959040959
0.3737301587301587
0.47129186602870815
0.49229723577549667
0.3247911445279867
0.30954867153962173
0.3194492673102299
0.4318999840738971
0.4823772845511976
0.5383394383394383
0.4327855356068522
0.46303030303030307
0.44913419913419916
0.41155844155844157
0.442375525708859
0.32190694126620895
0.38375420875420874
0.3521811521811522
0.3633978029139319
0.46211578276795673
0.296819692653026
0.43977591036414565
0.47385106476015565
0.4784548784548785
0.37283457283457283
0.5164021164021164
0.4087249100823761
0.3698470209339775
0.4213001406096035
0.29840294840294834
0.4003607503607504
0.4408884315238831
0.4218253968253969
0.38553677092138633
0.2969729344729345
0.49412189118071476
0.5629259629259629
0.4042065390749601
0.5177469135802469
0.4461247142535176
0.5664902998236331
0.6373809523809524
0.285995115995116
0.3340702947845805
0.38200581028167235
0.33475968475968476
0.43410038237624443
0.43897254706078237
0.4079365079365079
0.29605363984674327
0.5390589569160997
0.34839302112029386
0.5648245614035088
0.34713984767460704
0.45578969525457824
0.4695240656779119
0.4150921658986175
0.4926710860297199
0.435930735930736
0.5137757667169432
