0.4498955722639933
0.5372405372405373
0.37114962332353635
0.4806944444444444
0.37800453514739235
0.5791368052237618
0.5416527916527916
0.5047619047619046
0.46915753040154956
0.587973137973138
0.6084435626102292
0.5195008912655972
0.4051627859320167
0.5462863933452169
0.5882031012465796
0.698904366243076
0.6282878914457862
0.6570767195767196
0.6330303030303029
0.5406221019124244
0.587024087024087
0.5701101928374656
0.5545454545454546
0.5208913458913459
0.44462494027711413
0.5618468453396683
0.33799903799903797
0.5118095238095238
0.4540340818601688
0.5264397967623775
0.5178994918125354
0.5619416187527643
0.36918452765134685
0.5525793650793651
0.38526936026936026
0.4396266587443058
0.4767217630853994
0.6509641873278237
0.32941176470588235
0.394993894993895
0.5148989898989899
0.6402890500929717
0.5553724053724053
0.4645721446473326
0.3981917205601416
0.49097140332434447
0.657633760574937
0.617239503328213
0.5486012296881863
0.4696814349924397
0.4892078681552366
0.5663818637502848
0.439949181253529
0.4469769464984776
0.4289425171778113
0.6278913154789733
0.535011225333806
0.6484542393633302
0.3520333772507686
0.4303948576675849
0.6583827936769113
0.3637626262626263
0.700915750915751
0.5180839002267573
0.6053338001867414
0.3570366831236396
0.6670829170829172
0.6320816864295125
0.4271100017067759
0.4423909423909424
0.594546931198515
0.44294511531353636
0.4572968697968698
0.574456386525352
0.5787878787878789
0.4971652003910068
0.421916971916972
0.46511266511266514
0.39710144927536234
0.5592105263157895
0.6209366391184573
0.4605555555555556
0.527351551956815
0.4884804084804085
0.4546522318261449
0.6625
0.5629804538895449
0.5555900621118012
0.39160964483545135
0.6198286527658344
0.6111853832442068
0.5847342995169081
0.5103174603174603
0.6688735177865612
0.5395604395604396
0.3473056355409297
0.3288700604208626
0.4808469308469308
0.45695970695970706
0.5626373626373626
0.4140860215053763
0.4744528199073654
0.48634883634883636
0.5559693351024622
0.3957337107337107
0.4411498708010336
0.6058417508417508
0.4164684751641273
0.5186868686868688
0.5515730614414824
0.3383838383838384
0.6651110030789176
0.3744380619380619
0.4049889434682061
0.5169618564267394
0.5167277167277168
0.5621952759883795
0.49703907203907205
0.6123543123543124
0.6279401154401154
0.6177956030897208
0.5730415783047362
0.6014732343679713
0.43354341736694674
0.5189490968801314
0.760349657104221
0.5332611832611833
0.45360703812316716
0.49743589743589745
0.5178125795772854
0.42273956604585405
0.8094778613199665
0.568716577540107
0.5348794063079778
0.39312566221657136
0.41383616383616384
0.5516883116883117
0.5799828643578644
0.5015533899716808
0.4638945005611672
0.7441099962839093
0.6426033736378565
0.5895238095238096
0.5107551902683748
0.5671162171162171
0.4754578754578755
0.613015873015873
0.5026817042606516
0.5241092241092241
0.5296876313070645
