0.3293872793872794
0.36409550045913686
0.38752913752913754
0.5148864809081528
0.38273169482846897
0.5249296158387068
0.5173672481364788
0.4109347442680776
0.4474104683195593
0.5467167210045771
0.5263899613899614
0.3585572923808218
0.3748789671866595
0.40005923900660745
0.604642217685696
0.5550450743999131
0.5222078800172106
0.4673705379587733
0.48991596638655466
0.34478551751279024
0.5350168350168351
0.4303463203463204
0.39195906432748545
0.5264114832535886
0.3016273849607183
0.4283730158730159
0.295054945054945
0.45252525252525255
0.4768498168498169
0.43980716253443525
0.5427905427905428
0.42206910736322506
0.29557785209959125
0.5791670791670792
0.4218115218115219
0.3767866120807298
0.5984776334776335
0.475521448248721
0.4651056014692378
0.5120938440776497
0.37252099752099754
0.5548515108961356
0.41607964684887766
0.285607213299521
0.3464261228967111
0.47206959706959706
0.6616261428514393
0.5859994949179009
0.5221445221445221
0.45655046707678293
0.34062177502579977
0.5508838383838385
0.3237504919323101
0.23264221158957998
0.3337858220211162
0.4678571428571428
0.5071546732837056
0.54002331002331
0.26008597883597884
0.3333048958048958
0.6280508433618481
0.5826923076923077
0.4816926663080509
0.3667567987567988
0.5927510398098633
0.4755774528501801
0.5341126194067372
0.5326839826839828
0.49801587301587297
0.3994949494949495
0.46681749622926094
0.4948005698005698
0.5162534435261708
0.44047619047619047
0.45896464646464646
0.32638740569775054
0.4680776014109347
0.431864067966017
0.35456590193432297
0.4344041922989291
0.6168958492487904
0.38058608058608057
0.5559440559440559
0.49181580324437474
0.4237118437118437
0.44198067632850246
0.5175685425685426
0.4340022296544035
0.4126524990161354
0.4357142857142857
0.3565443271325624
0.41360813099943544
0.4698412698412698
0.6613312613312613
0.4900910364145658
0.27924297924297925
0.20892857142857144
0.48927738927738934
0.5361305361305362
0.46827744904667984
0.49300377042312526
0.4069444444444444
0.5588263588263588
0.4195008912655972
0.40568280204643836
0.6298361078848882
0.4483960483960484
0.43744939271255057
0.41318135269748174
0.5393943474825829
0.35479797979797983
0.41130952380952374
0.4460539460539461
0.39155873076468606
0.4217281046712485
0.5272067801479566
0.5543533389687236
0.41111111111111115
0.5390615763821506
0.4748484848484848
0.465989193005322
0.557009657009657
0.5176767676767676
0.3868814192343604
0.5805384615384616
0.5810542398777693
0.6118699482335845
0.46426024955436723
0.5128011316169211
0.49306682443092176
0.5209356725146199
0.6627777777777778
0.4340305892937472
0.44570707070707066
0.3083982683982684
0.3058719058719059
0.48228438228438225
0.4993464052287582
0.4891305916305917
0.38330743866975747
0.5040161592793171
0.5761525974025974
0.5235980494601183
0.49785029785029783
0.5876065963022484
0.4485079849844118
0.6212620712620712
0.42693972693972687
0.43802863802863806
0.4678571428571429
