0.3582212659135736
0.4305767350928641
0.4588775958341176
0.5914285714285714
0.25350441861477513
0.523063973063973
0.46080586080586083
0.47953561589925225
0.4098976780794963
0.571031746031746
0.5672398589065256
0.3448648648648649
0.35005735005735006
0.4336469221835076
0.6015873015873016
0.725183284457478
0.5988960113960115
0.3941391941391941
0.5765213852170373
0.37922077922077924
0.35769119769119767
0.4358740615262355
0.454985884250857
0.5133333333333334
0.3471786833855799
0.3535818713450292
0.3326101249178173
0.4645161290322581
0.5291954022988506
0.4416714766714767
0.38922558922558925
0.4886265249901614
0.30922582826233946
0.47869744744744747
0.3947368421052632
0.3154166666666667
0.5409180035650623
0.5828586618060302
0.4561335277912818
0.4167555641239852
0.33146644016209237
0.6686026936026936
0.426007326007326
0.34032434801665573
0.3785707019103603
0.3896544631838749
0.6610128433657846
0.5110859728506788
0.30724830724830726
0.5034632034632035
0.3866013071895425
0.41649572649572647
0.3421487603305785
0.2883468834688347
0.3170433690717666
0.3947808833678399
0.5301211608903915
0.5131473825376873
0.29932676518883417
0.28823529411764703
0.6391619544729592
0.5187888198757764
0.48315758315758317
0.3698182769611341
0.6191919191919193
0.3290114743013293
0.42216117216117216
0.621967418546366
0.4285132430293721
0.370217089257569
0.4818487126179434
0.4747612291090551
0.392123562711798
0.5389358977380756
0.4810120435120435
0.40539215686274516
0.43606701940035275
0.5333060742356095
0.33039742778831965
0.2916786916786917
0.5877344877344878
0.42868686868686867
0.5751545822598454
0.4982644339787197
0.3909490291843233
0.5682154882154882
0.6147489386619822
0.5303363303363303
0.3667888563049853
0.4874338624338625
0.2761243386243386
0.4397201681890677
0.4732450555979968
0.612336983810338
0.4398090815273478
0.3404256377107056
0.2050618971671603
0.4700645508337816
0.5220036373882528
0.4661172161172162
0.5345117845117845
0.4327672327672328
0.5614699792960662
0.43031811716022245
0.4125901875901876
0.6641494308160975
0.5575108225108225
0.46080586080586083
0.48817498651464497
0.4686359392241745
0.44129629629629624
0.613164108618654
0.4693277736755997
0.46904016044287533
0.37417454340531264
0.4394993894993895
0.5342749888655596
0.4261904761904762
0.49870623794068775
0.4638709677419355
0.4338235294117647
0.4846986346986347
0.38873305057515584
0.3398052927464692
0.4567080745341615
0.5774134534196453
0.48470625798212
0.4295138888888888
0.5611285855851074
0.4513888888888889
0.5432098765432098
0.5501489133202688
0.39654808959156784
0.450834879406308
0.4459001782531194
0.4596514596514596
0.5928571428571429
0.5049963924963925
0.38580586080586077
0.5562185962185962
0.34790189760114576
0.4932649071358749
0.40264504628831
0.5630555555555555
0.4624708624708625
0.3907051282051282
0.4958774558774559
0.45026683087027913
0.42871791508155144
0.42356321839080463
