0.48881673881673876
0.4546037296037296
0.40222000222000226
0.7902894491129786
0.38979591836734695
0.4313262495080677
0.46491969568892644
0.48485228222070326
0.4547049441786284
0.5498338081671416
0.6636009214956583
0.4697202797202798
0.45696969696969697
0.5915413533834586
0.608946608946609
0.8813048245614035
0.6040384615384615
0.8029647435897435
0.5869187675070029
0.5226258589894953
0.6654761904761904
0.43602934102934104
0.5091269841269841
0.607026307026307
0.4166907166907167
0.4943575079604492
0.42389832389832394
0.579686037867856
0.4585791020573629
0.5900915750915752
0.6393273393273393
0.46154970760233915
0.23688271604938269
0.7174185463659147
0.38001443001443
0.46304855275443507
0.5326855939759165
0.637465564738292
0.4985014985014985
0.4833004602235371
0.510989010989011
0.6212454212454213
0.5477137804724012
0.43800358493453123
0.403395061728395
0.5218599033816425
0.5663865546218487
0.5889705882352941
0.5448941798941799
0.53997113997114
0.5247626828509181
0.6799999999999999
0.5233604077082338
0.409046509046509
0.4083685545224007
0.4422741887778954
0.44398311048557354
0.5412449619346171
0.3558219558219558
0.4049369747899159
0.5512134330316149
0.4127645502645502
0.6593532648188518
0.5158017908017908
0.595749704840614
0.4703463203463203
0.5863997113997114
0.5729004329004329
0.49098124098124096
0.4040836940836941
0.4680771716970812
0.5922115895800106
0.4634199134199134
0.6015873015873017
0.560897435897436
0.436558109833972
0.4970443349753694
0.6166666666666667
0.41954711954711965
0.5178356146777199
0.7253246753246753
0.3949346405228758
0.5727287581699347
0.5125362732505591
0.5215784215784216
0.6789069264069263
0.6087301587301588
0.5714285714285714
0.45662953647143373
0.556921101774043
0.45180826118326123
0.5848780007870917
0.46030256930358354
0.6657204455623428
0.7262200165425973
0.46466189039718453
0.30438311688311687
0.6385563267142215
0.6653846153846155
0.48905122655122657
0.5132226405283657
0.5926275744457563
0.5521978021978022
0.6584213172448466
0.6215735635492668
0.4446302748741773
0.529982683982684
0.3462548945307566
0.5639724310776942
0.676361012724649
0.3474358974358975
0.4895679483914778
0.4132074715408049
0.44902255127719315
0.48636363636363633
0.5586175318933939
0.5271713255798136
0.5547619047619048
0.5768171222716677
0.5137384792626728
0.6033653846153846
0.6620525673157253
0.5678418803418804
0.5373376623376623
0.5082491582491583
0.6437862790803967
0.6817788272333728
0.439280505590666
0.5747873471557683
0.5807721027479091
0.5539583022341643
0.7081077694235589
0.5315094000987123
0.5923600209314495
0.4482182438192669
0.4005176641540278
0.5824733237776716
0.5920284780578898
0.5337162837162838
0.49297202797202805
0.7695637695637696
0.5169012707722386
0.47717445952740073
0.6136877038205312
0.7152147369538674
0.5343758805297267
0.7134432234432234
0.5021351766513058
0.4583333333333333
0.560507792860734
