0.04906204906204906
0.04406779661016949
0.02727272727272727
0.05846153846153847
0.03672316384180791
0.04406779661016949
0.04497041420118343
0.04666666666666667
0.03761755485893417
0.03672316384180791
0.0546448087431694
0.04918032786885246
0.02968960863697706
0.05161290322580645
0.02975206611570248
0.06147540983606557
0.06147540983606557
0.040983606557377046
0.04597701149425287
0.04242424242424243
0.02693602693602694
0.032467532467532464
0.044709388971684055
0.05846153846153847
0.040061633281972264
0.029629629629629634
0.034482758620689655
0.04406779661016949
0.04406779661016949
0.041379310344827586
0.04406779661016949
0.05625
0.05172413793103448
0.04497354497354497
0.032163742690058485
0.06746031746031746
0.04918032786885246
0.03761755485893417
0.04906204906204906
0.03183023872679045
0.03761755485893417
0.0546448087431694
0.032163742690058485
0.02968960863697706
0.04666666666666667
0.029761904761904757
0.03571428571428571
0.0702576112412178
0.02727272727272727
0.04242424242424243
0.05161290322580645
0.040061633281972264
0.03859649122807018
0.059964726631393295
0.03389830508474576
0.044709388971684055
0.03183023872679045
0.05185185185185185
0.029556650246305417
0.04906204906204906
0.032467532467532464
0.04906204906204906
0.025174825174825173
0.035897435897435895
0.044709388971684055
0.03508771929824562
0.029761904761904757
0.03859649122807018
0.03761755485893417
0.034482758620689655
0.03783102143757881
0.03508771929824562
0.0469208211143695
0.040061633281972264
0.032163742690058485
0.029761904761904757
0.06746031746031746
0.04406779661016949
0.03508771929824562
0.04406779661016949
0.03508771929824562
0.05846153846153847
0.04288499025341131
0.029556650246305417
0.03183023872679045
0.05172413793103448
0.05161290322580645
0.02727272727272727
0.03859649122807018
0.040983606557377046
0.044709388971684055
0.026415094339622643
0.044709388971684055
0.032467532467532464
0.04301075268817204
0.03970223325062035
0.05161290322580645
0.025174825174825173
0.02968960863697706
0.02968960863697706
0.05185185185185185
0.032467532467532464
0.03571428571428571
0.04918032786885246
0.03508771929824562
0.07189542483660132
0.04406779661016949
0.03672316384180791
0.04666666666666667
0.032467532467532464
0.041379310344827586
0.04906204906204906
0.04896421845574388
0.03783102143757881
0.034482758620689655
0.03888888888888889
0.03888888888888889
0.032163742690058485
0.02693602693602694
0.059964726631393295
0.044709388971684055
0.022792022792022797
0.04906204906204906
0.032467532467532464
0.03636363636363636
0.04666666666666667
0.03761755485893417
0.04918032786885246
0.032163742690058485
0.04242424242424243
0.05185185185185185
0.029629629629629634
0.03968253968253968
0.03333333333333333
0.041379310344827586
0.04406779661016949
0.03859649122807018
0.06451612903225806
0.03508771929824562
0.048245614035087724
0.02747252747252747
0.05185185185185185
0.04666666666666667
0.04666666666666667
0.02968960863697706
0.03888888888888889
0.04918032786885246
0.0546448087431694
0.040061633281972264
0.03672316384180791
