0.3144078144078144
0.3196382686514265
0.44589947089947096
0.4124819624819625
0.24413919413919413
0.40389913117185844
0.43307306728359357
0.38128019323671497
0.3382770007770008
0.43701331377961816
0.396022931317049
0.45196367923640657
0.2783882783882784
0.5011854811854811
0.5592640692640694
0.484054834054834
0.47000165777754915
0.42546296296296293
0.47941108810674027
0.3021953405017921
0.3713023088023088
0.2922359691590461
0.27306808688387635
0.5617316017316017
0.3881397306397307
0.43210298473456366
0.2408740465883323
0.41747447954344513
0.26999999999999996
0.39594268476621414
0.3361413043478261
0.432432041642568
0.3214398769954325
0.6259920634920635
0.30714840714840713
0.39462081128747795
0.5549533146591971
0.5091434880908566
0.4471177944862156
0.4761341222879685
0.384520757020757
0.5363050496740336
0.4354847047375783
0.3268757658957296
0.26043182823368577
0.3884737484737485
0.7066662382451856
0.3961314420873244
0.3848196248196248
0.39885871704053516
0.46428571428571425
0.491498778998779
0.33154623154623153
0.28329503947213386
0.2727106227106227
0.42080983532596433
0.44537545787545785
0.42561920098151984
0.22274170274170274
0.2912698412698413
0.5936543759271031
0.3539173789173789
0.6015721922076437
0.3635204081632653
0.5069112174375333
0.38247126436781614
0.518736920338751
0.4868562431720326
0.3784171075837743
0.34545366205785993
0.4798039798039798
0.47121212121212114
0.2818181818181818
0.484340946409912
0.49358974358974356
0.314059853190288
0.4167961381583673
0.5294493705528188
0.2479723341792307
0.29680515562868504
0.5336518014149593
0.33833992094861665
0.5375457875457876
0.40391156462585037
0.2970839617898441
0.36040324617910824
0.4204906204906205
0.3618791464945311
0.37386363636363634
0.36495726495726494
0.32363792363792365
0.4448051948051948
0.4608310349937144
0.48041282389108475
0.3873781676413255
0.25242914979757086
0.20268595041322313
0.4309323729491797
0.41239050804268196
0.40830280830280835
0.32403516962340495
0.4493706293706294
0.3869697765920177
0.2892657342657342
0.4554029304029304
0.4177777777777777
0.32734550395840717
0.39059961777353086
0.3384687208216621
0.5108280608280608
0.21825396825396823
0.588099173553719
0.3723947550034506
0.347713071242483
0.404930966469428
0.4692307692307693
0.42273204463030767
0.34963768115942023
0.34684667184667184
0.336969696969697
0.4493166963755199
0.5731268731268732
0.2997323189630882
0.5297634732417341
0.41344814605684166
0.46861471861471865
0.44647986422179975
0.3282828282828283
0.3854713804713805
0.45813840155945423
0.5226344086021506
0.7243939393939394
0.30927267177267176
0.41833922782198646
0.21718426501035198
0.2983525733525733
0.42501665001665
0.31805355138688474
0.3177233023386869
0.336047286047286
0.4391929499072357
0.4539772727272727
0.48809523809523814
0.43065239247747444
0.5197101449275363
0.4049284049284049
0.4298631476050831
0.5018307272806425
0.3502895027742898
0.44346764346764345
