0.4508572567783094
0.37960254755386597
0.32325985226437715
0.534873949579832
0.33590102707749764
0.5099597372324645
0.43292263292263294
0.4441562390178992
0.37774494024494026
0.5223385331143952
0.4376498430827803
0.38992522628886267
0.3616229923922232
0.4423423423423423
0.5390528663255936
0.4594516594516595
0.5186175314830286
0.5147778147778148
0.5296296296296297
0.2819796713213641
0.4077331759149941
0.4409270216962525
0.33505291005291005
0.43383607239442473
0.36374269005847953
0.42626127586020635
0.2705905205905206
0.4647619047619047
0.49646886446886446
0.4601851851851852
0.5050815850815851
0.23349282296650717
0.26259559154295997
0.6373015873015873
0.3726495726495727
0.40375038904450666
0.552285258601048
0.46324110671936763
0.386383313656041
0.4025083612040134
0.41952075702075703
0.7022326499450683
0.43298059964726626
0.2503803888419273
0.33571942333552235
0.32461538461538464
0.5059031877213696
0.48715659340659334
0.4224230618879448
0.4770778302771665
0.375
0.5086894586894587
0.3102286602286602
0.2760765550239234
0.3
0.4617728149986215
0.48675780452968787
0.5553370140326662
0.2335978835978836
0.333974358974359
0.6047364400305577
0.3484477124183007
0.549084249084249
0.3091109948252805
0.5878795595373135
0.37678571428571433
0.4831299419534714
0.5304407713498622
0.4619588744588745
0.3375598760214145
0.4094897245021315
0.4980257116620754
0.3712051389470744
0.4697539302802461
0.4738110000258337
0.36774264382960037
0.4887704887704887
0.4888744588744589
0.285982535982536
0.47970695970695976
0.5531651355180767
0.3798245614035088
0.604949494949495
0.4796691403834261
0.3755799755799756
0.6113516113516113
0.5182828282828283
0.379565919030802
0.41660964483545126
0.4655663780663781
0.4563657407407408
0.41889579020013806
0.5271853146853146
0.6074136008918617
0.46245791245791246
0.3207056101792944
0.23321526957890593
0.475019425019425
0.46989966555183954
0.43952380952380954
0.44982119329945414
0.4761415396198005
0.4679894179894179
0.3988465298142717
0.3975169275169275
0.6071869488536155
0.35681522181522185
0.4020672813776262
0.3583472978634269
0.47010558069381597
0.3
0.40373376623376617
0.40633608815426997
0.300556586270872
0.40879803956727034
0.4667094615624028
0.5307833192448578
0.4172222222222222
0.46678762414056535
0.49287421061614606
0.4567982456140351
0.5917228969860548
0.4824074074074074
0.40679824561403505
0.5011571761571763
0.5973361061596356
0.45464535464535466
0.49962602430841996
0.37742608268924055
0.516122261576807
0.5563222028134309
0.7085087719298246
0.460312454690445
0.42786499215070645
0.3314836678473042
0.38777646595828413
0.545595238095238
0.41883903133903133
0.45383967883967885
0.43417989417989417
0.4466977466977467
0.525952380952381
0.41587301587301584
0.49644824872097604
0.5191321499013807
0.4097069597069597
0.473030303030303
0.47718660968660975
0.4083961789844143
0.4812321937321937
