0.4176587301587302
0.37358706108706113
0.4639083139083139
0.5818219461697722
0.3325337744692583
0.4227272727272728
0.40725850725850726
0.4934378752560571
0.4367269094541822
0.5649860675722745
0.49493164787282434
0.43130536130536135
0.44494223724992954
0.3245614035087719
0.5467697870859927
0.6017279017279017
0.503593161402492
0.4684574684574685
0.5618780396558175
0.4840845429080723
0.49668897929767497
0.43807014241796854
0.3818019769891428
0.5656043956043956
0.4270683020683021
0.391067947646895
0.23582766439909295
0.4482517482517483
0.5494074074074073
0.37533949921046694
0.45148830089541553
0.354240190603827
0.2405483405483405
0.5499830874830874
0.33282828282828286
0.5304512985672406
0.5172222222222222
0.4701759124219018
0.423848878394333
0.41406371406371406
0.3491249491249491
0.6836910216220561
0.44670329670329667
0.24481074481074483
0.33176256613756616
0.3710852546146664
0.6178757499810131
0.6233878968253967
0.4262506724045186
0.47561016569637266
0.2896825396825397
0.4872557997557998
0.3765172798216276
0.2819207108680793
0.3499389499389499
0.4898629148629148
0.5426406926406926
0.4736628186628186
0.2613756613756614
0.3944326571261556
0.6540600813328086
0.45764658520413
0.630164038859691
0.36148915187376723
0.6373482726423902
0.47450697450697454
0.5098421186656482
0.5882608695652174
0.5066137566137566
0.3869420702754036
0.5134818424411185
0.4859683794466403
0.3398268398268398
0.5122683602946762
0.5048534798534798
0.3660185185185185
0.4120334620334621
0.43792207792207793
0.35552103398993345
0.3595579858737753
0.5073931623931623
0.42929039952295767
0.5786793907846539
0.4827653549458061
0.4334589895230627
0.6104166666666667
0.49428571428571433
0.4620860781730347
0.41546143250688705
0.40173453996983405
0.399136919725155
0.3687388761759471
0.4537581699346405
0.7259723149051213
0.3283212513981744
0.2897673177025404
0.22385392385392386
0.46981074481074486
0.496053474191126
0.5428613532061809
0.43728475825250024
0.49886779886779886
0.511176702085793
0.3869982791035423
0.4255348516218082
0.5507936507936508
0.3047700972862263
0.43350461953700814
0.4611111111111111
0.40905921964745495
0.361038961038961
0.4689623507805326
0.4497007340485601
0.3843874074643305
0.378937728937729
0.4797771672771673
0.5523682273061926
0.4528042328042328
0.5274619100706057
0.4332034632034632
0.45904474856087757
0.39846198045293063
0.3804195804195804
0.4078664799253035
0.4306878306878307
0.5621561234464459
0.6433514633514634
0.4544512106713064
0.4692857142857143
0.5280793415094686
0.46538011695906434
0.5681286549707603
0.5101515151515151
0.39081632653061227
0.33792568542568546
0.4090909090909091
0.5163817663817664
0.3704761904761905
0.3918192918192918
0.4012345679012346
0.3492063492063492
0.5283703393380812
0.4239177489177489
0.5236422668240851
0.3857555143269429
0.4408720311946118
0.39842581660763476
0.41038961038961036
0.4612556651772339
0.4567437511403028
