0.65
0.6199095022624435
0.7005347593582888
0.6066411238825031
0.7171717171717171
0.7043740573152337
0.6493738819320214
0.7666666666666666
0.6888888888888889
0.825
0.8095238095238095
0.7375
0.825
0.7495527728085867
0.65
0.8541666666666667
0.5625
0.7723577235772359
0.7043740573152337
0.641025641025641
0.672514619883041
0.7043740573152337
0.7723577235772359
0.7375
0.6493738819320214
0.5757575757575757
0.6199095022624435
0.6813008130081301
0.7043740573152337
0.7417654808959158
0.712820512820513
0.7171717171717171
0.6256684491978609
0.5087719298245614
0.7417654808959158
0.6190476190476191
0.5625
0.7543859649122807
0.7211948790896159
0.7888386123680241
0.8497316636851521
0.6199095022624435
0.7543859649122807
0.8008534850640113
0.7211948790896159
0.7005347593582888
0.6888888888888889
0.65
0.6415362731152205
0.7888386123680241
0.5902439024390244
0.7723577235772359
0.6199095022624435
0.6199095022624435
0.7666666666666666
0.7857142857142858
0.8008534850640113
0.5902439024390244
0.8497316636851521
0.5809523809523809
0.6748387096774193
0.9601706970128023
0.8008534850640113
0.8502673796791443
0.7171717171717171
0.8497316636851521
0.7888386123680241
0.8541666666666667
0.7888386123680241
0.8805120910384068
0.5491949910554562
0.8916129032258064
0.8362573099415205
0.8155467720685112
0.8193548387096774
0.7211948790896159
0.6256684491978609
0.78125
0.6571428571428573
0.7470967741935484
0.7754010695187166
0.8444444444444446
0.7666666666666666
0.7211948790896159
0.7543859649122807
0.7666666666666666
0.7211948790896159
0.7005347593582888
0.8362573099415205
0.7171717171717171
0.6813008130081301
0.65
0.5906432748538012
0.7043740573152337
0.8857142857142857
0.8303030303030303
0.7142857142857143
0.8303030303030303
0.6199095022624435
0.5906432748538012
0.49090909090909096
0.6256684491978609
0.8095238095238095
0.8362573099415205
0.65
0.5692307692307692
0.7142857142857143
0.7005347593582888
0.8857142857142857
0.7211948790896159
0.6888888888888889
0.4991869918699187
0.7083333333333333
0.7888386123680241
0.8095238095238095
0.7043740573152337
0.7723577235772359
0.78125
0.4991869918699187
0.7723577235772359
0.9251336898395721
0.65
0.7723577235772359
0.65
0.7723577235772359
0.65
0.8193548387096774
0.801418439716312
0.6813008130081301
0.7666666666666666
0.4991869918699187
0.6888888888888889
0.7375
0.8193548387096774
0.7142857142857143
0.801418439716312
0.5238095238095238
0.7723577235772359
0.78125
0.5906432748538012
0.7723577235772359
0.7723577235772359
0.65
0.5906432748538012
0.7333333333333334
0.5366430260047281
0.8444444444444446
0.6415362731152205
0.6415362731152205
0.5902439024390244
