0.65
0.4991869918699187
0.7417654808959158
0.641025641025641
0.7171717171717171
0.7043740573152337
0.6493738819320214
0.8502673796791443
0.7333333333333334
0.7723577235772359
0.7666666666666666
0.7543859649122806
0.825
0.6040404040404039
0.65
0.8541666666666667
0.6199095022624435
0.7142857142857143
0.7043740573152337
0.6025806451612903
0.672514619883041
0.7043740573152337
0.7142857142857143
0.7888386123680241
0.6493738819320214
0.5757575757575757
0.672514619883041
0.7375
0.65
0.6571428571428573
0.6748387096774193
0.6347826086956523
0.5809523809523809
0.6111111111111112
0.78125
0.5491949910554562
0.672514619883041
0.7666666666666667
0.6199095022624435
0.7888386123680241
0.9047619047619047
0.672514619883041
0.8444444444444446
0.7543859649122807
0.7666666666666666
0.7417654808959158
0.7333333333333334
0.5902439024390244
0.5906432748538012
0.7375
0.5902439024390244
0.825
0.4991869918699187
0.6199095022624435
0.8095238095238095
0.7496807151979565
0.7211948790896159
0.7043740573152337
0.9544715447154472
0.6256684491978609
0.6748387096774193
0.9181286549707603
0.8008534850640113
0.8502673796791443
0.6347826086956523
0.8497316636851521
0.7888386123680241
0.8541666666666667
0.7888386123680241
0.8444444444444443
0.6190476190476191
0.8541666666666667
0.7888386123680241
0.6415362731152205
0.7417654808959158
0.672514619883041
0.5333333333333333
0.7417654808959158
0.6111111111111112
0.7846153846153847
0.7754010695187166
0.8008534850640113
0.7666666666666666
0.7666666666666666
0.7543859649122807
0.8502673796791443
0.7211948790896159
0.6111111111111112
0.7888386123680241
0.7878787878787878
0.7888386123680241
0.65
0.5354449472096531
0.65
0.8444444444444446
0.8303030303030303
0.7142857142857143
0.7171717171717171
0.6199095022624435
0.5354449472096531
0.391304347826087
0.7083333333333333
0.8095238095238095
0.7888386123680241
0.5902439024390244
0.5303225806451612
0.7142857142857143
0.6571428571428573
0.8444444444444446
0.7211948790896159
0.7333333333333334
0.4991869918699187
0.8782608695652174
0.8362573099415205
0.8095238095238095
0.7043740573152337
0.7723577235772359
0.78125
0.4991869918699187
0.8733031674208145
0.8444444444444446
0.5902439024390244
0.825
0.7043740573152337
0.8733031674208145
0.7043740573152337
0.78125
0.7083333333333333
0.7375
0.7666666666666666
0.7211948790896159
0.7333333333333334
0.8362573099415205
0.8193548387096774
0.6493738819320214
0.801418439716312
0.65
0.825
0.7005347593582888
0.6415362731152205
0.825
0.8733031674208145
0.6199095022624435
0.6415362731152205
0.6415362731152205
0.5366430260047281
0.8444444444444446
0.5906432748538012
0.6888888888888889
0.65
