0.7543859649122807
0.672514619883041
0.8193548387096774
0.6748387096774193
0.7171717171717171
0.8008534850640113
0.6493738819320214
0.8095238095238095
0.8155467720685112
0.7723577235772359
0.8541666666666665
0.8008534850640113
0.7043740573152337
0.6493738819320215
0.65
0.8916129032258064
0.5906432748538011
0.7375
0.8008534850640113
0.7128205128205128
0.5906432748538011
0.7543859649122807
0.8733031674208145
0.7543859649122806
0.8733031674208145
0.8733031674208145
0.6571428571428571
0.7043740573152337
0.7211948790896159
0.7417654808959158
0.7496807151979565
0.6347826086956523
0.6256684491978609
0.6111111111111112
0.8193548387096774
0.65
0.8095238095238095
0.7043740573152337
0.7211948790896159
0.8362573099415205
0.8634146341463413
0.7666666666666666
0.7417654808959158
0.8444444444444446
0.7754010695187166
0.8193548387096774
0.7417654808959157
0.5625
0.5618776671408249
0.7543859649122806
0.65
0.7543859649122806
0.5625
0.6199095022624435
0.6571428571428571
0.8212005108556832
0.8008534850640113
0.7543859649122807
0.9047619047619047
0.7083333333333333
0.6748387096774193
0.8857142857142857
0.7666666666666667
0.8502673796791443
0.6347826086956523
0.9047619047619047
0.7888386123680241
0.8564102564102564
0.8362573099415205
0.9222222222222223
0.7888386123680241
0.9282051282051282
0.7543859649122806
0.7333333333333334
0.8564102564102563
0.672514619883041
0.6679841897233202
0.7846153846153847
0.7005347593582888
0.7496807151979565
0.7470967741935484
0.8444444444444446
0.8893280632411067
0.8155467720685112
0.7666666666666667
0.5942028985507246
0.7754010695187166
0.6571428571428573
0.7375
0.7171717171717171
0.8805120910384068
0.7043740573152337
0.6571428571428573
0.65
0.8008534850640113
0.8303030303030303
0.7142857142857143
0.8939393939393938
0.7666666666666666
0.6415362731152205
0.6190476190476191
0.8212005108556832
0.8095238095238095
0.7888386123680241
0.7043740573152337
0.6066411238825031
0.8733031674208145
0.7417654808959158
0.9251336898395721
0.6199095022624435
0.8193548387096774
0.5906432748538011
0.7171717171717171
0.8805120910384068
0.7666666666666666
0.8008534850640113
0.7375
0.8564102564102563
0.47500000000000003
0.8444444444444446
0.8095238095238095
0.7043740573152337
0.8362573099415205
0.7666666666666667
0.9181286549707603
0.7543859649122807
0.8193548387096774
0.801418439716312
0.7888386123680241
0.7666666666666666
0.7666666666666666
0.78125
0.8444444444444443
0.9285714285714286
0.7142857142857143
0.8303030303030302
0.7211948790896159
0.825
0.7083333333333333
0.5906432748538012
0.825
0.7888386123680241
0.7543859649122807
0.7417654808959157
0.6888888888888889
0.5366430260047281
0.8502673796791445
0.6256684491978609
0.7754010695187166
0.7666666666666667
