0.9631093544137023
0.7211948790896159
0.78125
0.7754010695187166
0.7878787878787878
0.8857142857142857
0.825
0.9638709677419355
0.8541666666666667
0.8733031674208145
0.8893280632411067
0.8362573099415205
0.9181286549707603
0.9125000000000001
0.8444444444444446
0.8916129032258064
0.7211948790896159
0.9181286549707603
0.7543859649122807
0.7496807151979565
0.9638709677419355
0.8444444444444446
0.9181286549707603
0.8805120910384068
0.8733031674208145
0.825
0.7666666666666666
0.7888386123680241
0.8008534850640113
0.8193548387096774
0.8916129032258064
0.7171717171717171
0.7470967741935484
0.78125
0.89272030651341
0.7375
0.8095238095238095
0.8008534850640113
0.9270833333333333
0.8805120910384068
0.9544715447154472
0.8502673796791443
0.9631093544137023
0.9251336898395721
0.8893280632411067
0.9285714285714286
0.7754010695187166
0.8008534850640113
0.7333333333333334
0.8805120910384068
0.8857142857142857
0.9601706970128023
0.7211948790896159
0.7211948790896159
0.9270833333333333
0.9270833333333333
0.9251336898395721
0.8444444444444446
0.9544715447154472
0.7846153846153847
0.7496807151979565
1.0
0.8444444444444446
0.8893280632411067
0.7878787878787878
0.8497316636851521
0.7888386123680241
0.8916129032258064
0.8805120910384068
0.9619047619047618
0.8805120910384068
1.0
1.0
0.9282051282051282
0.9642401021711366
1.0
0.6679841897233202
0.89272030651341
0.78125
0.8571428571428571
0.8541666666666667
0.8008534850640113
0.8095238095238095
0.9638709677419355
0.8444444444444446
0.9270833333333333
0.9270833333333333
0.8564102564102563
0.9619047619047618
0.8497316636851521
0.7888386123680241
0.8857142857142857
0.7754010695187166
0.8444444444444446
0.9251336898395721
0.8939393939393938
0.8733031674208145
0.8303030303030303
0.8502673796791443
0.7333333333333334
0.7723577235772359
0.9282051282051282
0.8502673796791443
0.8805120910384068
0.8008534850640113
0.8155467720685112
0.9181286549707603
0.89272030651341
0.8857142857142857
0.8893280632411067
0.8541666666666667
0.672514619883041
0.8782608695652174
0.9222222222222223
0.9638709677419355
0.8857142857142857
0.8733031674208145
0.89272030651341
0.7211948790896159
0.8733031674208145
0.9631093544137023
0.8857142857142857
0.9181286549707603
0.8857142857142857
0.825
0.8857142857142857
0.89272030651341
0.8782608695652174
0.8805120910384068
0.9270833333333333
0.8502673796791443
0.8155467720685112
0.9222222222222223
0.9642401021711366
0.9181286549707603
0.801418439716312
0.8444444444444446
0.9181286549707603
0.8564102564102563
0.7333333333333334
0.825
0.9601706970128023
0.9251336898395721
0.8155467720685112
0.8541666666666667
1.0
0.9631093544137023
0.7754010695187166
0.8155467720685112
0.8008534850640113
