0.36363636363636365
0.3488372093023256
0.3170731707317073
0.22222222222222224
0.41666666666666663
0.36363636363636365
0.391304347826087
0.3488372093023256
0.3333333333333333
0.391304347826087
0.3488372093023256
0.3777777777777777
0.391304347826087
0.4042553191489362
0.36363636363636365
0.3333333333333333
0.3488372093023256
0.391304347826087
0.36363636363636365
0.2631578947368421
0.3488372093023256
0.36363636363636365
0.391304347826087
0.3777777777777777
0.391304347826087
0.391304347826087
0.3488372093023256
0.3777777777777777
0.36363636363636365
0.3170731707317073
0.28205128205128205
0.41666666666666663
0.3
0.3170731707317073
0.3170731707317073
0.3777777777777777
0.3488372093023256
0.36363636363636365
0.3488372093023256
0.3777777777777777
0.41666666666666663
0.3488372093023256
0.36363636363636365
0.36363636363636365
0.3488372093023256
0.3170731707317073
0.3333333333333333
0.36363636363636365
0.3333333333333333
0.3777777777777777
0.36363636363636365
0.391304347826087
0.3488372093023256
0.3488372093023256
0.3488372093023256
0.28205128205128205
0.36363636363636365
0.36363636363636365
0.41666666666666663
0.3
0.28205128205128205
0.391304347826087
0.36363636363636365
0.3488372093023256
0.41666666666666663
0.41666666666666663
0.3777777777777777
0.3333333333333333
0.3777777777777777
0.3777777777777777
0.3777777777777777
0.3333333333333333
0.3777777777777777
0.3333333333333333
0.3170731707317073
0.3488372093023256
0.3
0.3170731707317073
0.3170731707317073
0.3
0.3333333333333333
0.36363636363636365
0.3488372093023256
0.3488372093023256
0.36363636363636365
0.3488372093023256
0.3488372093023256
0.3170731707317073
0.3777777777777777
0.41666666666666663
0.3777777777777777
0.36363636363636365
0.3333333333333333
0.36363636363636365
0.36363636363636365
0.42857142857142855
0.391304347826087
0.42857142857142855
0.3488372093023256
0.3333333333333333
0.391304347826087
0.3
0.3488372093023256
0.3777777777777777
0.36363636363636365
0.24324324324324326
0.391304347826087
0.3170731707317073
0.36363636363636365
0.3488372093023256
0.3333333333333333
0.3488372093023256
0.44
0.3777777777777777
0.3488372093023256
0.36363636363636365
0.391304347826087
0.3170731707317073
0.3488372093023256
0.391304347826087
0.36363636363636365
0.36363636363636365
0.391304347826087
0.36363636363636365
0.391304347826087
0.36363636363636365
0.3170731707317073
0.44
0.3777777777777777
0.3488372093023256
0.3488372093023256
0.3333333333333333
0.3777777777777777
0.3170731707317073
0.391304347826087
0.44
0.36363636363636365
0.391304347826087
0.3170731707317073
0.3333333333333333
0.391304347826087
0.391304347826087
0.36363636363636365
0.3333333333333333
0.3333333333333333
0.41666666666666663
0.36363636363636365
0.3333333333333333
0.3333333333333333
0.36363636363636365
