0.5902439024390244
0.4991869918699187
0.6111111111111112
0.49743589743589745
0.6347826086956523
0.65
0.49090909090909096
0.7666666666666666
0.6888888888888889
0.7723577235772359
0.7211948790896159
0.7375
0.7142857142857143
0.6040404040404039
0.5902439024390244
0.8155467720685112
0.4991869918699187
0.6190476190476191
0.5902439024390244
0.5692307692307692
0.5625
0.65
0.6493738819320214
0.6813008130081301
0.5757575757575757
0.49090909090909096
0.6199095022624435
0.6190476190476191
0.7043740573152337
0.6571428571428573
0.6354166666666667
0.6347826086956523
0.5809523809523809
0.3875
0.6111111111111112
0.6190476190476191
0.6199095022624435
0.5902439024390244
0.6199095022624435
0.7888386123680241
0.8497316636851521
0.672514619883041
0.7043740573152337
0.65
0.7211948790896159
0.6111111111111112
0.5354449472096531
0.5238095238095238
0.5087719298245613
0.6813008130081301
0.5238095238095238
0.7142857142857143
0.4991869918699187
0.6199095022624435
0.6415362731152205
0.6748387096774193
0.7543859649122807
0.5902439024390244
0.7878787878787878
0.5809523809523809
0.4555555555555556
0.9181286549707603
0.7043740573152337
0.7211948790896159
0.6347826086956523
0.8497316636851521
0.7375
0.6888888888888889
0.7888386123680241
0.8362573099415205
0.4696969696969697
0.8541666666666667
0.7043740573152337
0.5906432748538012
0.7005347593582888
0.4991869918699187
0.4822190611664296
0.625668449197861
0.6571428571428573
0.7083333333333333
0.7754010695187166
0.7043740573152337
0.7211948790896159
0.672514619883041
0.65
0.6199095022624435
0.5625
0.6111111111111112
0.7375
0.6347826086956523
0.6813008130081301
0.65
0.5354449472096531
0.65
0.8444444444444446
0.7565217391304349
0.6493738819320214
0.6690307328605201
0.5625
0.47500000000000003
0.391304347826087
0.5809523809523809
0.672514619883041
0.7888386123680241
0.5238095238095238
0.48958333333333337
0.6493738819320214
0.6571428571428573
0.8857142857142857
0.672514619883041
0.6415362731152205
0.4991869918699187
0.5918367346938775
0.6813008130081301
0.672514619883041
0.5902439024390244
0.7142857142857143
0.7417654808959158
0.4285714285714286
0.6813008130081302
0.7543859649122807
0.5902439024390244
0.7142857142857143
0.5238095238095238
0.7142857142857143
0.65
0.7005347593582888
0.7083333333333333
0.6190476190476191
0.672514619883041
0.4991869918699187
0.5906432748538012
0.6813008130081301
0.7417654808959158
0.5757575757575757
0.7565217391304347
0.5238095238095238
0.7723577235772359
0.6679841897233202
0.5354449472096531
0.6493738819320214
0.6493738819320214
0.5902439024390244
0.5354449472096531
0.5906432748538012
0.5366430260047281
0.8008534850640113
0.47500000000000003
0.5906432748538012
0.5238095238095238
