0.5902439024390244
0.4991869918699187
0.7005347593582888
0.5351213282247764
0.7171717171717171
0.7043740573152337
0.49090909090909096
0.7211948790896159
0.6888888888888889
0.7723577235772359
0.7211948790896159
0.7375
0.7142857142857143
0.6040404040404039
0.5902439024390244
0.7754010695187166
0.4991869918699187
0.7142857142857143
0.65
0.6025806451612903
0.6199095022624435
0.7043740573152337
0.6493738819320214
0.6813008130081301
0.5757575757575757
0.5757575757575757
0.5625
0.6190476190476191
0.7043740573152337
0.6571428571428573
0.6354166666666667
0.6347826086956523
0.5809523809523809
0.4509803921568627
0.6571428571428573
0.5491949910554562
0.5625
0.65
0.6199095022624435
0.7375
0.8497316636851521
0.6199095022624435
0.7043740573152337
0.65
0.7211948790896159
0.6571428571428573
0.5906432748538012
0.5238095238095238
0.47500000000000003
0.7375
0.5238095238095238
0.7142857142857143
0.4285714285714286
0.6199095022624435
0.7211948790896159
0.6748387096774193
0.7543859649122807
0.5902439024390244
0.8497316636851521
0.5809523809523809
0.4555555555555556
0.8733031674208145
0.7043740573152337
0.7666666666666666
0.6347826086956523
0.8497316636851521
0.7888386123680241
0.7333333333333334
0.7888386123680241
0.8362573099415205
0.5491949910554562
0.8541666666666667
0.7375
0.5906432748538012
0.7417654808959158
0.4991869918699187
0.4822190611664296
0.6571428571428573
0.6571428571428573
0.7470967741935484
0.7754010695187166
0.7543859649122807
0.7666666666666666
0.7666666666666666
0.5902439024390244
0.672514619883041
0.6199095022624435
0.6111111111111112
0.7375
0.6347826086956523
0.6813008130081301
0.65
0.5354449472096531
0.65
0.8444444444444446
0.8303030303030303
0.7142857142857143
0.6690307328605201
0.5625
0.47500000000000003
0.391304347826087
0.6256684491978609
0.7211948790896159
0.7888386123680241
0.5238095238095238
0.44664031620553357
0.6493738819320214
0.6111111111111112
0.8857142857142857
0.672514619883041
0.6888888888888889
0.4991869918699187
0.5918367346938775
0.7375
0.7666666666666666
0.5902439024390244
0.7142857142857143
0.78125
0.4285714285714286
0.825
0.7543859649122807
0.5902439024390244
0.7723577235772359
0.5238095238095238
0.7142857142857143
0.65
0.7417654808959158
0.7083333333333333
0.6813008130081301
0.672514619883041
0.4991869918699187
0.5906432748538012
0.6813008130081301
0.7417654808959158
0.6493738819320214
0.801418439716312
0.5238095238095238
0.7723577235772359
0.7005347593582888
0.5354449472096531
0.7142857142857143
0.7142857142857143
0.5902439024390244
0.5906432748538012
0.5906432748538012
0.5366430260047281
0.8444444444444446
0.5354449472096531
0.5906432748538012
0.65
