0.45679012345679015
0.4823529411764706
0.47619047619047616
0.46987951807228917
0.45
0.47619047619047616
0.45679012345679015
0.46987951807228917
0.48837209302325585
0.46987951807228917
0.47619047619047616
0.48837209302325585
0.46341463414634143
0.47619047619047616
0.46341463414634143
0.48837209302325585
0.48837209302325585
0.47619047619047616
0.46987951807228917
0.48837209302325585
0.4823529411764706
0.4823529411764706
0.48837209302325585
0.48837209302325585
0.47619047619047616
0.46341463414634143
0.46341463414634143
0.46341463414634143
0.45679012345679015
0.48837209302325585
0.47619047619047616
0.4823529411764706
0.46987951807228917
0.47619047619047616
0.46987951807228917
0.4823529411764706
0.46987951807228917
0.47619047619047616
0.4942528735632184
0.48837209302325585
0.45679012345679015
0.48837209302325585
0.48837209302325585
0.4823529411764706
0.46987951807228917
0.48837209302325585
0.48837209302325585
0.4823529411764706
0.46341463414634143
0.4942528735632184
0.48837209302325585
0.47619047619047616
0.48837209302325585
0.46987951807228917
0.46987951807228917
0.45679012345679015
0.46341463414634143
0.48837209302325585
0.46987951807228917
0.45679012345679015
0.48837209302325585
0.46987951807228917
0.47619047619047616
0.4823529411764706
0.45679012345679015
0.45679012345679015
0.45679012345679015
0.48837209302325585
0.48837209302325585
0.46341463414634143
0.47619047619047616
0.45679012345679015
0.46341463414634143
0.48837209302325585
0.47619047619047616
0.48837209302325585
0.4823529411764706
0.46987951807228917
0.47619047619047616
0.4823529411764706
0.47619047619047616
0.4942528735632184
0.46987951807228917
0.4823529411764706
0.45679012345679015
0.47619047619047616
0.46987951807228917
0.4823529411764706
0.46987951807228917
0.47619047619047616
0.46341463414634143
0.46987951807228917
0.48837209302325585
0.48837209302325585
0.45679012345679015
0.47619047619047616
0.4823529411764706
0.4430379746835443
0.47619047619047616
0.46987951807228917
0.46987951807228917
0.47619047619047616
0.46341463414634143
0.45679012345679015
0.48837209302325585
0.47619047619047616
0.46987951807228917
0.48837209302325585
0.46987951807228917
0.46341463414634143
0.46341463414634143
0.48837209302325585
0.46987951807228917
0.46341463414634143
0.48837209302325585
0.4942528735632184
0.47619047619047616
0.4823529411764706
0.4823529411764706
0.46341463414634143
0.46987951807228917
0.46341463414634143
0.46341463414634143
0.4823529411764706
0.46341463414634143
0.46987951807228917
0.47619047619047616
0.4823529411764706
0.4942528735632184
0.4823529411764706
0.45679012345679015
0.47619047619047616
0.4823529411764706
0.46341463414634143
0.45679012345679015
0.4823529411764706
0.46341463414634143
0.48837209302325585
0.4823529411764706
0.47619047619047616
0.45
0.47619047619047616
0.47619047619047616
0.4823529411764706
0.48837209302325585
0.46987951807228917
0.46987951807228917
0.45679012345679015
1.0
0.48837209302325585
