0.915057915057915
1.0
0.8625
0.948051948051948
0.915057915057915
0.9223985890652557
0.7743589743589744
0.9381153305203938
1.0
1.0
1.0
0.8939759036144579
0.948051948051948
0.9223985890652557
0.948051948051948
0.7380952380952381
1.0
0.6819277108433734
0.8624999999999999
1.0
0.7380952380952381
1.0
0.8274509803921568
0.8274509803921568
1.0
0.8441558441558441
1.0
0.948051948051948
0.9035087719298245
0.8274509803921568
1.0
1.0
0.8871794871794872
0.9223985890652557
1.0
0.8939759036144579
0.9381153305203938
0.9223985890652557
1.0
1.0
0.8441558441558441
1.0
0.8274509803921568
0.7671957671957672
1.0
1.0
1.0
1.0
0.8871794871794871
1.0
0.8274509803921568
0.9223985890652557
1.0
1.0
0.948051948051948
0.9035087719298245
0.9548717948717949
1.0
1.0
0.9548717948717949
1.0
1.0
0.8211382113821137
0.8939759036144579
0.9548717948717949
1.0
0.9548717948717949
1.0
0.8274509803921568
0.8441558441558441
0.9223985890652557
0.9035087719298245
0.8871794871794871
0.8274509803921568
0.9223985890652557
0.8274509803921568
1.0
0.9381153305203938
0.8625
0.8939759036144579
0.9223985890652557
0.4942528735632184
0.8624999999999999
0.8939759036144579
1.0
0.8625
1.0
1.0
0.9381153305203938
1.0
0.8441558441558441
1.0
1.0
0.8274509803921568
0.9035087719298245
0.8211382113821137
1.0
0.9635459817729908
1.0
1.0
0.9381153305203938
1.0
0.8871794871794871
0.915057915057915
1.0
1.0
0.9381153305203938
0.8939759036144579
0.8871794871794872
1.0
0.948051948051948
1.0
1.0
0.8871794871794871
1.0
1.0
0.9223985890652557
0.9223985890652557
0.8939759036144579
1.0
0.9381153305203938
1.0
1.0
1.0
0.8871794871794871
1.0
0.9223985890652557
0.9223985890652557
1.0
1.0
0.9548717948717949
0.9381153305203938
1.0
0.948051948051948
0.9035087719298245
1.0
0.9548717948717949
0.8274509803921568
1.0
0.9381153305203938
0.9598173515981736
0.9223985890652557
1.0
0.7380952380952381
0.8274509803921568
0.9381153305203938
1.0
0.9548717948717949
1.0
0.8274509803921568
